Step	Value
5	6.898038864
6	3.782509565
11	3.00037694
14	1.92393744
15	1.043327808
18	0.099691533
20	0.113789983
24	0.604539812
36	0.2920672
40	0.338329911
42	0.369728804
44	0.284970552
45	0.250040919
47	0.177795574
53	0.178110316
54	0.151495352
55	0.169117928
56	0.174713328
57	0.137474254
65	0.102634788
68	0.127695546
71	0.148296699
72	0.188959047
73	0.223475978
74	0.260234267
79	0.323880047
87	0.230513379
88	0.239772841
94	0.155202955
102	0.337676138
105	0.417017668
106	0.510983407
113	0.306006283
116	0.072787344
118	0.098402999
126	0.287507772
129	0.2573829
130	0.280406415
139	0.237315416
141	0.208594084
142	0.166165173
143	0.156920865
150	0.134112999
155	0.208565474
157	0.299091339
158	0.284308791
162	0.241489768
167	0.212627515
168	0.195962235
171	0.144870922
177	0.129805729
178	0.157614425
180	0.216557443
183	0.191649675
185	0.178401664
186	0.165446162
188	0.115011185
190	0.131652951
191	0.136583939
198	0.137578845
206	0.079825945
207	0.072295688
208	0.072944917
212	0.152384639
222	0.173376963
223	0.165794089
225	0.157299161
229	0.235026836
232	0.259440273
233	0.27379337
234	0.18393676
237	0.250350624
249	0.111877345
255	0.180702403
258	0.095467679
260	0.092636473
261	0.107800014
263	0.125950739
267	0.231055066
271	0.081720166
273	0.076406933
278	0.088460542
292	0.188371122
297	0.184320331
298	0.119492956
302	0.094169237
303	0.137200817
307	0.297837615
308	0.319104105
310	0.43645525
313	0.809124947
318	0.184398606
319	0.225842878
320	0.171968594
325	0.074417613
326	0.072575681
327	0.115165204
330	0.176335096
339	0.093225576
341	0.106724121
347	0.078183047
353	0.043058619
354	0.086977005
360	0.146001235
363	0.108501919
367	0.125570998
371	0.043266866
373	0.064989544
377	0.046949726
378	0.086832978
379	0.090506695
381	0.184262231
386	0.225860789
391	0.134026036
392	0.246023968
393	0.208780661
408	0.337305307
415	0.073260941
421	0.103726782
422	0.279033929
424	0.258886933
426	0.179345593
430	0.083270811
439	0.20237875
441	0.185772657
442	0.361980826
445	0.128676668
451	0.116770171
459	0.050695311
460	0.059366971
463	0.073377796
464	0.082472093
473	0.15528594
474	0.189516485
485	0.081009626
488	0.02122418
489	0.037729669
491	0.030117057
493	0.034050532
507	0.075801142
512	0.06038937
514	0.191068113
517	0.229180694
519	0.044371236
524	0.029459381
525	0.054752778
531	0.090726472
533	0.090466268
534	0.117470525
536	0.266803026
537	0.251794428
540	0.327189296
542	0.019159066
547	0.101253532
548	0.01452896
557	0.190944776
559	0.178258881
563	0.053277027
564	0.049238633
565	0.440875739
569	0.117330968
573	0.065839536
574	0.08819636
577	0.238671616
579	0.304765433
580	0.349497676
581	0.24445565
582	0.212924778
583	0.202339962
584	0.133365393
586	0.048427075
587	0.174104571
592	0.171912238
593	0.122929454
597	0.493314117
600	0.269834816
602	0.131231561
608	0.355333
610	0.112050809
615	0.11749243
619	0.135818586
620	0.079940028
622	0.036249727
634	0.269024998
641	0.470173508
642	0.264644235
644	0.120536841
645	0.161358103
646	0.123946637
647	0.239510596
649	0.279465705
652	0.210215941
656	0.169421241
657	0.037074164
661	0.047709983
664	0.125001788
668	0.096146584
671	0.257326007
672	0.249701932
673	0.247271776
674	0.179630175
675	0.134605095
677	0.057313491
678	0.027698955
679	0.013761994
682	0.048050348
683	0.045369674
684	0.20246242
686	0.20612447
688	0.217243671
689	0.157876715
696	0.204037711
699	0.20272769
703	0.100650191
706	0.308065891
708	0.2286309
710	0.1031003
714	0.104072593
718	0.144650474
721	0.102152251
722	0.123322837
723	0.204659641
724	0.058764756
730	0.087974556
736	0.06289389
738	0.176122025
739	0.39274922
743	0.271845102
746	0.113341153
747	0.174364209
750	0.402578264
751	0.71851927
752	0.268858373
754	0.338468462
756	0.461838096
762	0.084461205
765	0.052090209
766	0.032923445
769	0.178870425
770	0.303872913
771	0.346396208
773	0.231568098
774	0.207965657
780	0.099444889
784	0.127528131
785	0.242010832
787	0.064783126
789	0.279101193
791	0.571685374
792	0.373526961
793	0.17312412
794	0.115636803
795	0.113083668
798	0.13456282
800	0.092678227
802	0.187056914
805	0.145316318
807	0.07674513
808	0.12265756
809	0.139747366
815	0.116756082
816	0.068966769
818	0.039951418
821	0.037432581
825	0.084545255
828	0.10450381
831	0.100490786
832	0.040298145
834	0.189956233
836	0.133771703
838	0.036246013
843	0.057811122
846	0.153823793
848	0.057872359
863	0.090490699
867	0.069306523
869	0.091211043
870	0.078045428
874	0.153818801
876	0.113651417
877	0.052439686
880	0.119298585
882	0.238170505
884	0.197225764
887	0.025637692
889	0.031630706
890	0.080645688
892	0.051128346
896	0.020556159
900	0.130473435
907	0.360476106
908	0.159951434
909	0.159589455
910	0.179367974
912	0.031518232
915	0.048317134
916	0.06101948
917	0.074029267
920	0.042693496
921	0.048310507
922	0.036864121
923	0.021556035
931	0.043489188
932	0.040185247
935	0.053601027
942	0.117910825
945	0.046876192
953	0.009137791
954	0.012497929
956	0.028025299
957	0.011577424
958	0.057043344
961	0.130787134
962	0.103623278
964	0.031526577
966	0.055424217
971	0.022146588
972	0.017204709
976	0.110245921
977	0.159349784
978	0.254714459
979	0.2060339
982	0.054597065
983	0.059260029
984	0.057196606
987	0.193870679
988	0.114150904
996	0.030019769
1000	0.107855193
1002	0.096761443
1004	0.041957527
1005	0.074179687
1008	0.090094961
1011	0.095443062
1012	0.100561269
1013	0.095244788
1014	0.159203067
1017	0.097671233
1025	0.161968812
1027	0.038293213
1029	0.019173633
1031	0.035023939
1032	0.051609054
1035	0.032846436
1037	0.084379055
1039	0.065341495
1044	0.111245893
1051	0.041751966
1052	0.069427453
1055	0.053144347
1057	0.112448506
1063	0.282505065
1064	0.190567598
1066	0.330501199
1068	0.223499164
1072	0.22342205
1076	0.04814456
1078	0.050823063
1083	0.202359557
1084	0.130548388
1085	0.059358757
1092	0.029903973
1093	0.027011553
1099	0.290618956
1103	0.114994191
1104	0.33927086
1105	0.127735421
1114	0.081519224
1116	0.164562687
1119	0.088577874
1125	0.021060249
1126	0.017059814
1130	0.016693031
1133	0.051310737
1134	0.023848725
1135	0.089329511
1138	0.109284081
1149	0.070507191
1152	0.112829752
1155	0.222385466
1156	0.294641256
1157	0.194509789
1160	0.238810346
1161	0.168430209
1162	0.113980733
1177	0.075058997
1180	0.10929393
1182	0.189670563
1183	0.135859951
1185	0.048638482
1186	0.079637028
1189	0.032589689
1192	0.2335435
1193	0.13578029
1195	0.171772897
1197	0.073182836
1199	0.123988628
1201	0.057903215
1204	0.215662956
1206	0.304968327
1208	0.224468812
1210	0.210076913
1212	0.310755879
1214	0.121164113
1224	0.047589347
1228	0.027728444
1232	0.051956873
1233	0.012578629
1234	0.021823578
1236	0.100703739
1239	0.07938537
1242	0.065240651
1244	0.223894015
1247	0.021551797
1253	0.077431686
1255	0.071648426
1257	0.070206441
1258	0.085783608
1261	0.115086161
1262	0.060463399
1263	0.032546815
1266	0.029949149
1274	0.052640099
1279	0.065638505
1281	0.079386272
1287	0.156440794
1291	0.262515903
1292	0.329431385
1293	0.509701967
1294	0.632961154
1300	0.053174272
1303	0.027838318
1310	0.068866439
1312	0.074502297
1315	0.056262355
1316	0.073370986
1319	0.105203591
1320	0.10363587
1325	0.053475797
1326	0.125689223
1327	0.138235465
1330	0.042229623
1333	0.090541519
1334	0.167912886
1335	0.160972491
1336	0.066084862
1337	0.100189291
1343	0.070789807
1349	0.022672169
1355	0.037123773
1359	0.025982181
1361	0.063956961
1366	0.07934352
1370	0.030506538
1377	0.079246484
1379	0.113060862
1382	0.13730906
1384	0.158538476
1385	0.091305256
1388	0.048063029
1389	0.07460428
1391	0.087965645
1392	0.121973298
1395	0.08902818
1412	0.057668567
1413	0.062962614
1414	0.062472332
1415	0.030997649
1419	0.051820487
1422	0.084999301
1426	0.025411678
1427	0.055853453
1428	0.02143687
1432	0.251146346
1433	0.215217128
1434	0.193661287
1436	0.177398562
1438	0.03343093
1440	0.136625677
1442	0.13552022
1450	0.104563303
1455	0.056549843
1456	0.049621433
1465	0.043040857
1466	0.080310062
1477	0.032131474
1482	0.166331902
1485	0.101912916
1486	0.052364141
1489	0.048995793
1491	0.130519912
1492	0.040222552
1500	0.070443094
1501	0.089345098
1502	0.095362596
1503	0.098164223
1506	0.120151319
1508	0.164948985
1509	0.167095229
1510	0.16316013
1518	0.05504531
1523	0.091923386
1524	0.052701026
1527	0.087981761
1534	0.107990719
1536	0.142126203
1546	0.524009228
1551	0.022740455
1552	0.025003863
1554	0.032479405
1555	0.029742928
1561	0.129522428
1562	0.068685539
1568	0.100805618
1569	0.062237605
1578	0.108287565
1582	0.023391122
1584	0.009922019
1588	0.013872318
1597	0.027270025
1599	0.029797712
1602	0.011867302
1604	0.068258576
1605	0.045833725
1610	0.118791521
1613	0.077550635
1618	0.108250387
1620	0.077979095
1624	0.073282719
1626	0.120005988
1627	0.154344186
1628	0.091696911
1630	0.096079476
1632	0.129959971
1637	0.02520399
1640	0.019026794
1642	0.093372039
1645	0.079127744
1648	0.023144165
1652	0.034280911
1655	0.11940565
1659	0.121146046
1660	0.124829672
1661	0.162331298
1668	0.234998047
1670	0.037394907
1672	0.019745549
1675	0.080090962
1676	0.170327902
1682	0.091167785
1683	0.192244127
1687	0.085605174
1691	0.031118758
1694	0.12692441
1695	0.098558068
1696	0.120634854
1697	0.175651595
1699	0.021818964
1702	0.078266367
1709	0.074143998
1710	0.05212757
1715	0.063615732
1717	0.041656844
1718	0.049380105
1719	0.053417731
1728	0.032707211
1732	0.062818855
1733	0.03549625
1734	0.040648218
1735	0.054551393
1737	0.128913179
1742	0.225365743
1743	0.153505266
1745	0.09933234
1746	0.062002581
1747	0.077339746
1750	0.069739476
1752	0.102673806
1753	0.141438976
1754	0.144018769
1763	0.038051378
1766	0.014222126
1775	0.033977777
1781	0.092626177
1782	0.084959351
1788	0.02716253
1789	0.019239055
1790	0.013178683
1792	0.015893405
1798	0.112069689
1804	0.008462993
1805	0.018230842
1813	0.041096821
1814	0.066364832
1817	0.133202687
1820	0.088759243
1824	0.200941682
1826	0.307918906
1830	0.210265711
1836	0.044038799
1840	0.025835523
1841	0.05707857
1844	0.025806533
1846	0.047267456
1849	0.097952627
1853	0.036534753
1855	0.069105901
1857	0.036647469
1858	0.046496328
1859	0.040850397
1866	0.044289041
1868	0.096017502
1869	0.078793652
1875	0.041334048
1876	0.071112074
1877	0.026357697
1879	0.053397972
1881	0.110960335
1893	0.065821409
1902	0.020244455
1906	0.028379189
1911	0.137489155
1912	0.121301971
1917	0.177592933
1918	0.20153977
1919	0.110745229
1923	0.147206903
1924	0.715785027
1930	0.051115543
1934	0.05557913
1935	0.078103453
1936	0.026482785
1938	0.06171919
1939	0.061868608
1944	0.025232678
1947	0.484905005
1949	0.075261645
1952	0.1298825
1955	0.074347585
1958	0.236268878
1960	0.073751509
1966	0.043434963
1967	0.044410188
1969	0.063432209
1971	0.090156227
1980	0.131531775
1981	0.0876173
1982	0.066601656
1983	0.052169088
1997	0.012176062
2001	0.071291156
2005	0.035032187
2006	0.012473844
2009	0.01790458
2010	0.013399499
2013	0.017113216
2015	0.05909754
2017	0.031448025
2022	0.032911453
2025	0.016693134
2027	0.033803079
2028	0.016862452
2030	0.021145372
2033	0.015099128
2036	0.01708173
2038	0.018587759
2041	0.009738441
2044	0.007605272
2045	0.018572198
2048	0.009364708
2051	0.012408755
2059	0.116578497
2060	0.31112507
2062	0.01966784
2067	0.037303314
2072	0.03053611
2073	0.020786779
2074	0.019125044
2076	0.035140734
2077	0.029230988
2079	0.233337954
2081	0.046436757
2084	0.029267019
2085	0.090699494
2089	0.052968513
2094	0.052608579
2096	0.027567746
2102	0.021340393
2103	0.102214538
2104	0.1507992
2105	0.234639943
2106	0.142400146
2109	0.086676627
2111	0.113293894
2114	0.081543408
2115	0.078657977
2118	0.031973716
2120	0.027260989
2122	0.021033609
2123	0.016133847
2124	0.012322941
2128	0.006765301
2132	0.014270849
2133	0.033448558
2134	0.034048747
2138	0.022540569
2139	0.044345751
2141	0.06099743
2142	0.065324627
2144	0.055746958
2145	0.067497514
2146	0.016836816
2148	0.005946897
2149	0.013984899
2151	0.016960932
2154	0.003699912
2156	0.025084779
2157	0.078072101
2163	0.025176957
2164	0.043275137
2165	0.033566792
2169	0.013274337
2171	0.013889677
2173	0.050196301
2177	0.038615394
2184	0.079626523
2187	0.018276317
2189	0.02404405
2191	0.03528801
2192	0.073469244
2196	0.031684171
2198	0.023465112
2199	0.013699126
2200	0.030056296
2203	0.011845845
2204	0.036357258
2207	0.031400774
2208	0.048489321
2211	0.02099576
2214	0.057167988
2218	0.104190446
2224	0.436614513
2225	0.353381485
2228	0.274885505
2229	0.344417185
2231	0.293545634
2233	0.152281448
2234	0.066181935
2236	0.605657041
2237	0.775999784
2239	0.115299433
2240	0.086464018
2241	0.083156466
2242	0.061977822
2244	0.039098401
2246	0.05818842
2247	0.030196385
2251	0.108837463
2252	0.034244556
2254	0.022679506
2257	0.114921249
2259	0.089263111
2262	0.07355874
2274	0.012057747
2278	0.034104366
2281	0.030238973
2286	0.022704935
2288	0.016619727
2291	0.028377816
2297	0.021674357
2298	0.029575372
2300	0.02502591
2303	0.070069626
2306	0.007897
2307	0.014428989
2308	0.018486841
2317	0.017248223
2318	0.032008175
2319	0.018334767
2320	0.025476888
2322	0.041147597
2324	0.055334982
2327	0.014210152
2332	0.012991678
2334	0.012646928
2335	0.025209041
2336	0.029164819
2337	0.01747426
2345	0.015057405
2354	0.077527247
2359	0.069115363
2367	0.026936106
2368	0.020580284
2371	0.193092778
2375	0.084517799
2378	0.02889879
2382	0.038555656
2385	0.014760539
2388	0.007575804
2389	0.01836765
2390	0.005088177
2392	0.003603551
2400	0.009325478
2402	0.006427412
2404	0.051696707
2406	0.112779401
2411	0.036832523
2416	0.021830956
2424	0.133428812
2425	0.126739204
2426	0.113115527
2430	0.063989781
2433	0.16845043
2436	0.031639263
2444	0.058572765
2446	0.025152668
2450	0.022639545
2451	0.055420469
2452	0.040504098
2453	0.015467254
2455	0.013619241
2457	0.011546138
2460	0.016491756
2463	0.063094027
2464	0.084814817
2466	0.083012491
2468	0.270803303
2475	0.014878129
2479	0.043921489
2481	0.065881453
2483	0.076137677
2485	0.084500678
2486	0.08777374
2488	0.01436565
2491	0.016578645
2493	0.017336525
2496	0.003700596
2498	0.020264819
2501	0.067253374
2502	0.034712654
2503	0.019613385
2513	0.041497182
2514	0.04649299
2516	0.032296255
2517	0.046912599
2518	0.041594643
2519	0.032995924
2522	0.008127221
2523	0.034428108
2525	0.0593272
2528	0.053154111
2530	0.037784923
2532	0.023971597
2534	0.043314755
2543	0.050525855
2544	0.057298724
2547	0.01540719
2549	0.01772245
2551	0.022828167
2553	0.058556128
2555	0.035815153
2556	0.025509968
2559	0.030327223
2565	0.041602124
2566	0.064698979
2570	0.057991948
2573	0.033841856
2576	0.042340711
2578	0.01700718
2579	0.032538835
2583	0.060669113
2587	0.038892295
2590	0.072620898
2591	0.090598099
2592	0.06325727
2593	0.026528766
2596	0.031591229
2600	0.020668894
2602	0.032127317
2606	0.02335828
2607	0.044026051
2609	0.13025409
2610	0.04816857
2615	0.16588521
2618	0.334115982
2619	0.234760806
2621	0.124116562
2623	0.020967206
2625	0.033827242
2626	0.346804529
2629	0.067892082
2630	0.007273911
2632	0.033633128
2635	0.057736326
2636	0.039392486
2638	0.102481253
2644	0.06743791
2647	0.0167075
2650	0.051769022
2651	0.026987275
2655	0.048415404
2661	0.028441677
2674	0.070456997
2678	0.092246629
2680	0.099642456
2685	0.016205085
2688	0.024828011
2690	0.017170966
2694	0.007188706
2699	0.116220094
2703	0.018316595
2707	0.031314205
2710	0.031561557
2719	0.025735697
2725	0.040765822
2735	0.024491049
2736	0.02782019
2737	0.056844905
2740	0.148867249
2741	0.319536
2746	0.057419509
2748	0.032160282
2752	0.0409359
2753	0.032311123
2754	0.017100334
2755	0.038891371
2756	0.038767155
2757	0.033236582
2758	0.023916619
2766	0.029814916
2769	0.032710109
2775	0.086737476
2779	0.010490779
2789	0.019306688
2790	0.044295937
2791	0.04519796
2798	0.078391552
2803	0.022208028
2806	0.016905969
2808	0.011669329
2809	0.010805384
2810	0.012331073
2811	0.014461055
2815	0.016452512
2823	0.070126079
2824	0.037596408
2827	0.230067179
2829	0.064845495
2830	0.066245459
2832	0.238203526
2837	0.020791523
2844	0.045780212
2846	0.022139773
2849	0.033901911
2851	0.056355637
2856	0.021690346
2859	0.017295269
2862	0.045912337
2871	0.010937463
2872	0.019427704
2875	0.029474489
2878	0.051080067
2880	0.096725218
2881	0.074909672
2887	0.024192283
2890	0.020109745
2891	0.021711132
2893	0.0482588
2896	0.039484706
2898	0.003497209
2900	0.005624458
2903	0.096723832
2904	0.067878872
2905	0.076834314
2912	0.081522025
2917	0.01268858
2919	0.035467703
2920	0.047505457
2921	0.018263998
2925	0.029238248
2926	0.047438476
2931	0.007873108
2932	0.007517663
2936	0.05215323
2939	0.034223393
2940	0.039605264
2942	0.018672301
2949	0.009362816
2950	0.008564007
2955	0.065062054
2967	0.051778022
2972	0.069264553
2974	0.015262987
2975	0.010635751
2978	0.026621135
2979	0.04660381
2988	0.099734485
2994	0.047201324
2998	0.014576347
2999	0.028873214
