Step	Value
5	-1.093604088
6	0.153626055
10	1.106001973
11	2.01570487
13	3.257861853
14	-0.72661376
15	-6.982504845
17	-3.801432371
18	-2.586295605
19	-0.76756376
20	0.165656149
24	-0.235548973
33	-1.084670067
34	-0.210968971
36	0.233368874
39	0.054114938
40	-0.346384406
42	0.186085224
44	-0.374104619
45	0.197835267
47	-0.907963753
49	-0.644812584
50	-0.695226669
53	0.042247295
54	-0.08865881
55	-0.170243263
56	-1.199178457
57	-0.065234184
60	-0.710429668
61	-0.564878941
63	-0.149935007
65	-0.565438271
66	-1.032096863
67	0.26196909
68	-1.206559181
71	-0.794734001
72	-0.711434841
73	-0.395202398
74	-0.42218554
76	-0.984539509
79	-0.034484863
84	-0.938544273
85	0.280419111
86	-0.336551666
87	0.439222813
88	-0.978288174
89	-0.705168962
94	-0.92863369
102	0.485781431
105	-0.632044077
106	-0.08095789
113	-0.975953102
116	-0.225034714
118	-1.168638468
119	-0.058496475
120	0.272245884
124	-1.168170929
125	0.355199307
126	-0.368080556
129	-0.596058846
130	-0.588249207
133	-0.119931221
137	-0.041398525
139	-0.145342827
141	-0.302038193
142	-0.505544662
143	-0.411623001
144	-0.323253155
148	-0.160794377
150	-0.027677774
153	0.109193206
154	-0.15489912
155	0.572485924
157	-0.228204727
158	-1.541196346
159	-0.677728653
162	0.666420937
164	0.418243885
165	-0.185407877
167	-0.255274773
168	0.841682673
171	-0.786812782
176	-0.340532303
177	-0.402580261
178	-1.085318565
180	-0.793315887
181	-0.562981486
183	-0.327084064
185	-1.106520176
186	-0.015292883
187	0.054309748
188	-0.316336155
190	-1.000775337
191	-0.532148123
198	-0.697271347
202	0.062057734
206	-0.728483677
207	-0.481836319
208	-1.170661926
212	-0.478273869
215	-0.442445278
218	-0.372923851
219	-0.489215374
222	-0.251932621
223	-0.119775891
225	-0.495324612
226	0.197817326
227	-0.143469989
229	-0.129685879
230	-0.981036186
232	-0.197220325
233	0.134175062
234	-0.041820049
237	-0.715014696
240	0.21838069
245	-0.439297676
247	-1.230064392
249	-0.422850609
250	-0.60292542
255	-0.690181017
258	0.108806431
259	-0.056256771
260	-0.583774567
261	-0.144109249
263	-0.181900263
267	-0.326823354
269	-0.32196188
271	-0.185696125
273	-0.090566635
278	-0.141733408
280	0.070605159
284	-0.098783493
289	-0.439483643
291	-0.113979459
292	-0.098424911
295	-0.236614227
297	-0.147415161
298	0.040674388
299	-0.3539505
301	-0.247113228
302	-0.009707451
303	-0.374974012
307	0.122214645
308	-0.310332775
310	-0.349366188
313	-0.040475808
317	-0.170644283
318	-0.21647644
319	-0.189520359
320	-0.092516422
322	-0.209569454
325	-0.019184113
326	-0.274683952
327	-0.12002039
330	-0.206341505
331	-0.310474396
333	-0.114044666
339	0.020171553
341	0.069145679
344	-0.025572658
345	-0.455086231
347	0.106735826
348	-0.49621582
353	0.091167569
354	-0.306560993
356	-0.01529634
358	-0.20983386
359	0.001550913
360	-0.362976551
363	-0.306430817
364	-0.033598661
367	-0.048762798
368	-0.020458698
370	-0.093926728
371	-0.135630131
373	-0.16778636
377	-0.256166458
378	-0.181187332
379	-0.23570323
381	0.084834337
382	-0.201232433
385	-0.213332653
386	-0.149219751
387	-0.113625288
388	-0.071769953
390	-0.151503563
391	-0.188484192
392	-0.187376976
393	-0.151924253
402	0.162739336
403	-0.249093294
405	-0.048016906
408	-0.181092739
415	-0.160375804
416	-0.256772757
420	-0.122035027
421	-0.132277489
422	-0.029235244
424	-0.033114776
426	-0.109100938
430	-0.209901094
439	-0.166249275
440	-0.181860924
441	0.003040731
442	-0.173218727
444	-0.032435715
445	-0.069306552
448	-0.370630741
451	-0.367627144
458	-0.280793905
459	-0.22685647
460	0.328318119
461	-0.537909985
463	-0.027193069
464	-0.412590504
465	-0.087529898
467	-0.103304863
468	-0.21790719
469	0.12200737
471	-0.204073429
473	-0.345665455
474	0.097480059
478	-0.315768003
485	-0.175985426
488	-0.121121168
489	0.211394668
491	-0.006124258
493	-0.359276295
496	-0.180214405
507	-0.325752974
510	-0.120951176
511	-0.23340106
512	-0.054983497
514	-0.105151296
516	-0.316429138
517	0.190412998
519	0.009834051
524	-0.434912682
525	-0.096843481
531	-0.144829273
533	-0.100781322
534	-0.411169887
535	-0.019030571
536	0.16537869
537	-0.482470036
538	0.061271191
539	0.031668425
540	-0.326791286
541	-0.062652111
542	0.198958039
544	-0.257066607
547	-0.121240973
548	-0.017095566
549	-0.043951035
551	-0.126658916
555	0.036399841
557	-0.117468357
559	-0.031217575
563	-0.03377676
564	-0.100003719
565	-0.290403843
567	-0.064025879
569	-0.051431656
571	-0.263504028
573	-0.043383121
574	-0.171683311
577	-0.095089912
579	-0.231280088
580	0.224137306
581	-0.675720215
582	-0.359938622
583	0.059595585
584	-0.385421753
586	-0.168532848
587	-0.384263039
592	-0.057355881
593	-0.19387722
595	0.148995876
596	-0.313057899
597	-0.054855347
600	-0.032113075
602	-0.236190796
604	-0.072874069
606	-0.030948162
608	-0.145359039
610	-0.304758072
611	-0.049172878
612	0.125328302
615	0.047787666
619	-0.213254452
620	0.116006374
622	-0.081911922
623	0.009515285
625	0.165143967
629	-0.322601318
634	-0.322406769
641	-0.247159243
642	-0.08572793
644	-0.33118248
645	-0.057733774
646	0.105701402
647	-0.267577171
648	-0.136562347
649	0.081099749
651	0.073812231
652	-0.437291145
656	0.035832882
657	-0.131973267
659	-0.170692444
661	0.088787496
664	-0.271422386
666	-0.229928493
667	-0.000756979
668	-0.258480072
671	-0.234438896
672	0.084402442
673	-0.147985935
674	-0.134016752
675	-0.22894001
677	-0.292063236
678	-0.113252401
679	0.058364153
681	-0.015979052
682	-0.213001728
683	-0.106333733
684	-0.068511009
685	-0.091947556
686	-0.064062357
688	-0.086481333
689	0.092135429
692	-0.158811808
696	-0.087393761
699	0.016661286
700	-0.188497066
701	-0.171156883
703	-0.434203625
704	-0.01387763
705	0.239959955
706	-0.482955456
708	0.035741091
709	-0.322155952
710	-0.113102198
714	-0.110212803
718	-0.185242295
719	-0.02953434
721	-0.160459489
722	-0.091399193
723	-0.344455719
724	0.233892635
725	-0.285354853
726	-0.16010952
729	-0.062839985
730	0.06976831
736	-0.162242889
738	0.337347031
739	-0.259585381
740	-0.297964096
741	0.32572031
743	-0.115126371
746	-0.130389452
747	0.010667324
750	-0.16845417
751	-0.039482594
752	-0.239923954
754	0.125534534
756	-0.104055405
759	-0.417891979
760	0.334206581
762	-0.19586134
765	-0.020693541
766	-0.304478645
767	-0.117034912
769	-0.418896198
770	-0.174067497
771	-0.077027321
773	-0.152820587
774	-0.048596859
775	0.158124208
780	-0.312409878
784	-0.062110901
785	-0.141272545
787	-0.088016033
789	-0.057437658
791	-0.114530802
792	0.15338707
793	-0.132351875
794	0.053545356
795	-0.200842381
796	-0.156526566
798	0.110190153
800	-0.469407082
802	-0.459619522
805	-0.323026419
807	-0.177602291
808	-0.088259697
809	-0.472097397
813	0.207062483
815	0.096639812
816	-0.532494545
818	-0.344434738
821	-0.135410786
823	-0.150791645
824	0.110262156
825	-0.279116631
828	-0.128183424
831	0.008457184
832	-0.19314003
834	-0.179280758
836	-0.213833809
838	-0.156000614
843	-0.398921967
845	-0.322865486
846	-0.072136879
847	-0.149309158
848	-0.162944794
851	-0.054903746
857	-0.365534782
859	0.067378998
860	-0.288649082
861	0.06144581
862	-0.286176682
863	-0.145520449
867	-0.420361996
869	-0.039725542
870	-0.277245522
873	0.046898365
874	-0.359888077
875	-0.194736689
876	-0.420505524
877	-0.264558792
879	-0.128341198
880	-0.332881451
881	-0.109866142
882	-0.005107403
884	-0.337209225
887	-0.043755531
889	-0.01161027
890	0.096896648
892	0.046092391
893	-0.018001556
896	0.022103429
897	-0.098450184
899	0.161288261
900	-0.278940678
907	0.000835031
908	-0.052203178
909	-0.215507984
910	-0.015833855
911	0.007585049
912	-0.226096153
913	-0.106595278
915	-0.240305901
916	0.001375437
917	-0.023169994
920	0.118110657
921	-0.467390537
922	-0.195031881
923	0.008693695
925	-0.056559145
931	-0.212133408
932	0.242515445
933	-0.248117447
935	-0.190531254
939	0.024834156
942	0.18147999
945	-0.057875633
949	0.225199223
952	-0.044772625
953	-0.207983971
954	0.115815878
956	-0.027169228
957	-0.381006241
958	-0.080210209
961	-0.12128067
962	-0.072740555
964	0.199177742
966	-0.022505283
967	-0.281338692
969	-0.047931194
971	0.166202068
972	-0.328183651
974	0.314393997
976	-0.235368252
977	-0.009688616
978	-0.025401115
979	0.019367218
982	-0.094760895
983	-0.239229202
984	0.279404283
987	-0.424112797
988	-0.063925743
996	0.249217153
999	-0.141551018
1000	-0.225315094
1002	-0.302388668
1004	-0.545501232
1005	-0.038532853
1008	0.137932062
1009	-0.252213955
1011	-0.592169762
1012	-0.134591579
1013	0.087075472
1014	-0.060267925
1017	-0.041769981
1025	-0.458321571
1026	-0.125896409
1027	-0.326825619
1029	0.160358191
1031	0.083992839
1032	-0.393668652
1033	0.051595807
1035	-0.105452597
1037	-0.087088585
1038	0.189560086
1039	-0.276127338
1042	0.115337379
1043	-0.348762989
1044	-0.092413545
1049	0.280612469
1051	-0.086072206
1052	-0.060381651
1054	-0.108937025
1055	-0.125040531
1057	-0.10962677
1063	0.086313725
1064	-0.369072437
1066	-0.480484486
1068	0.033364654
1072	-0.013116956
1074	-0.320249557
1076	-0.391008377
1078	-0.026156664
1080	0.272725105
1082	-0.091114283
1083	-0.223442554
1084	-0.190625668
1085	0.0683496
1086	-0.718141079
1090	0.404325485
1092	0.061012506
1093	-0.367391109
1099	-0.007116556
1101	-0.041061923
1103	-0.023496985
1104	0.14876461
1105	-0.654773712
1111	0.134963229
1114	-0.223659992
1116	-0.058062792
1119	-0.312187195
1122	-0.032892317
1123	-0.197030067
1125	0.104602724
1126	-0.121584892
1127	0.017895848
1128	-0.446877003
1130	-0.060124397
1131	-0.216409206
1133	-0.160232067
1134	0.190263391
1135	-0.528122902
1138	-0.270017147
1139	0.097484142
1141	0.255997181
1149	-0.120764256
1150	-0.133012056
1151	-0.131189346
1152	0.137821913
1155	0.145889997
1156	-0.230304718
1157	0.016515732
1160	-0.284184694
1161	-0.197840929
1162	0.168684483
1165	-0.482887268
1177	-0.103874683
1180	-0.192445278
1182	-0.08668375
1183	-0.250887632
1185	-0.667155743
1186	-0.001514375
1189	0.172324419
1192	-0.418321609
1193	-0.049376965
1194	-0.273695469
1195	-0.139849186
1196	0.413019896
1197	-0.267989159
1198	-0.227967024
1199	-0.257374287
1201	-0.22855854
1203	-0.431925774
1204	-0.037874818
1206	0.017870665
1208	-0.092510819
1210	-0.112756014
1211	-0.392307281
1212	-0.062786102
1213	-0.280588627
1214	0.125679016
1215	-0.17685318
1219	-0.942411423
1224	-0.20181942
1225	0.105385244
1227	0.389251232
1228	-0.469543934
1232	0.13677597
1233	-0.801305771
1234	-0.017335176
1236	-0.09244132
1239	-0.018069267
1242	0.280781746
1244	0.066540241
1246	0.126616001
1247	-0.370324969
1249	0.36993885
1250	-0.365207672
1253	-0.068356037
1254	0.205704689
1255	-0.26577282
1257	-0.322604179
1258	0.087389708
1259	-0.041868448
1261	-0.039858103
1262	-0.216040611
1263	-0.069700524
1264	0.067124844
1265	-0.38568902
1266	0.044523299
1271	-0.026925325
1272	0.131104946
1274	-0.058444142
1278	-0.243745565
1279	0.073508978
1281	-0.360833287
1285	-0.046324611
1287	-0.275808334
1289	0.223613262
1291	-0.489270687
1292	-0.013587922
1293	0.136679173
1294	0.059185982
1296	-0.169742823
1299	-0.025585771
1300	-0.222528696
1302	0.236884832
1303	-0.081431627
1304	-0.486476898
1306	-0.147559464
1310	-0.032522678
1312	-0.113611817
1313	-0.435534954
1315	0.217477232
1316	-0.466335773
1319	-0.092429161
1320	0.114700675
1325	-0.264386177
1326	-0.097105742
1327	0.152850866
1328	-0.063508987
1330	-0.376745701
1332	0.242096424
1333	0.085361481
1334	-0.48344183
1335	-0.091387749
1336	0.130750656
1337	-0.141422272
1340	-0.071762443
1343	0.011306167
1345	0.074030638
1347	-0.224910021
1348	-0.024757802
1349	0.053160667
1350	-0.105296135
1351	-0.26975286
1355	-0.03907311
1359	-0.51286602
1361	-0.320014238
1362	-0.127719641
1365	-0.184291899
1366	-0.120969832
1367	0.030858934
1370	-0.013660908
1373	-0.125437796
1374	-0.073131561
1375	0.217379332
1377	-0.232004404
1378	0.079783201
1379	-0.158292532
1382	-0.036848545
1384	-0.033661947
1385	0.061223984
1386	-0.281512856
1387	-0.066333771
1388	-0.02650094
1389	-0.06293726
1391	0.159904838
1392	-0.141198158
1395	-0.334832191
1400	-0.181005478
1412	0.052138962
1413	-0.396959305
1414	-0.084586143
1415	-0.189562559
1419	-0.030526876
1422	-0.128287792
1423	-0.058588028
1425	-0.101740122
1426	0.005348682
1427	-0.099658012
1428	-0.00446701
1430	-0.182263374
1432	-0.233044386
1433	-0.227942944
1434	-0.379207373
1436	0.079904795
1437	-0.409448743
1438	-0.045269489
1440	-0.160176992
1442	-0.117109537
1448	0.054473937
1450	-0.040850163
1455	-0.091212347
1456	0.175388932
1460	-0.322100401
1465	-0.314355135
1466	-0.137874603
1470	-0.185391665
1474	-0.040255785
1477	0.105773449
1480	-0.45822382
1481	-0.004386902
1482	-0.492585063
1485	-0.280723751
1486	0.22723937
1489	0.042561054
1491	0.039744288
1492	0.02178359
1493	-0.202023268
1500	-0.389549494
1501	0.054794073
1502	0.26662457
1503	-0.595810235
1505	-0.152061462
1506	0.030642986
1507	-0.053201675
1508	-0.067069888
1509	-0.26647681
1510	-0.027881145
1511	-0.055938601
1512	-0.098199368
1513	-0.387645721
1516	-0.636800766
1518	0.117035151
1523	-0.125331163
1524	0.169484854
1525	-0.201499939
1527	-0.369327068
1534	0.072726727
1536	-0.109261036
1541	-0.167886734
1542	-0.105883837
1546	-0.137879372
1548	-0.119154453
1549	0.15387249
1551	-0.166443348
1552	0.207156733
1554	0.257888079
1555	-0.456156731
1561	-0.220762253
1562	-0.085952044
1563	0.056034803
1568	0.31308493
1569	-0.462431908
1578	0.293156385
1579	-0.608819962
1582	-0.420052528
1583	0.070561454
1584	-0.094733238
1586	0.051576495
1588	-0.122790337
1590	-0.420717478
1593	-0.346341133
1594	-0.065009952
1596	-0.290721178
1597	-0.20138073
1599	-0.453718662
1601	0.175079107
1602	-0.45114255
1604	0.140403867
1605	-0.355528355
1609	-0.394934416
1610	-0.098244995
1612	-0.200147867
1613	-0.271603167
1614	0.009156942
1615	0.074382901
1617	-0.078898668
1618	0.036510706
1619	-0.099192932
1620	-0.073243856
1624	-0.016773701
1626	-0.214151502
1627	-0.018599123
1628	0.222651958
1630	-0.167557359
1632	0.108596444
1634	-0.174107432
1636	0.122357368
1637	-0.112136602
1638	-0.315583289
1640	-0.132687926
1641	-0.088160515
1642	-0.176861882
1643	-0.018074274
1644	-0.030886292
1645	-0.088131666
1647	0.120743275
1648	-0.189370871
1651	-0.102284707
1652	-0.120892942
1654	-0.158799171
1655	-0.060325325
1658	-0.384617805
1659	-0.041135281
1660	0.16368103
1661	-0.195098877
1662	-0.32988596
1664	-0.072221756
1668	0.14146018
1670	-0.07225652
1671	0.148375034
1672	-0.456353664
1675	-0.283022881
1676	-0.111226082
1678	-0.367033958
1682	-0.07459259
1683	-0.230099916
1684	-0.178948402
1685	0.109830379
1687	-0.145234108
1691	-0.012400627
1692	-0.087699533
1694	0.050132215
1695	-0.116090894
1696	-0.236609459
1697	-0.001720905
1699	-0.075473547
1702	-0.097961187
1703	0.116930008
1704	-0.133667111
1705	-0.275863647
1706	0.112368822
1709	-0.167025089
1710	-0.053011894
1714	0.035028279
1715	-0.15107429
1717	-0.166008949
1718	-0.006400824
1719	-0.063868046
1723	-0.134183407
1726	0.092460632
1728	-0.32572341
1731	-0.28411293
1732	0.111657619
1733	-0.208204031
1734	-0.082366228
1735	0.204699516
1737	-0.113394737
1738	-0.058458626
1739	-0.092115879
1742	-0.03574276
1743	-0.16168195
1745	0.180120468
1746	-0.234639764
1747	-0.065441132
1750	-0.095588684
1752	0.097888947
1753	-0.352300763
1754	-0.174568653
1755	-0.242879152
1762	0.20249629
1763	-0.184889793
1766	0.025393963
1771	-0.032246873
1775	-0.163287103
1777	0.259865761
1779	-0.245200872
1781	-0.270846844
1782	-0.056623459
1783	-0.403636932
1784	0.054144859
1788	-0.363036394
1789	-0.040122032
1790	0.392279625
1792	0.045196056
1793	-0.369056702
1794	-0.059567869
1798	-0.321487904
1800	0.056717396
1802	0.095027924
1804	-0.261245012
1805	0.047168732
1807	-0.42540884
1811	0.030445099
1813	-0.655364513
1814	-0.070544839
1817	-0.106426954
1820	-0.394499779
1824	0.129728794
1826	0.003980763
1827	-0.26209271
1830	-0.380764246
1834	-0.215830803
1835	-0.053920895
1836	0.154139102
1837	0.126048326
1840	-0.060208082
1841	-0.042105198
1842	-0.023777008
1844	-0.157626748
1845	-0.251531601
1846	-0.102375343
1848	-0.293841839
1849	-0.043704629
1852	-0.006672382
1853	-0.333490729
1855	0.08637166
1857	-0.039442778
1858	-0.058089614
1859	-0.0504632
1866	-0.386215448
1867	-0.053676635
1868	0.212058067
1869	-0.228830636
1875	-0.293945313
1876	0.067020416
1877	-0.124166489
1878	-0.314780712
1879	-0.141721755
1881	-0.23528409
1884	-0.284228444
1887	-0.19724226
1891	0.039269924
1892	-0.184277654
1893	0.036834955
1894	-0.005251169
1895	-0.163829803
1897	-0.037744284
1898	0.078336716
1902	-0.160154611
1905	-0.281913877
1906	-0.132484794
1909	-0.249445915
1910	-0.093907714
1911	0.029323101
1912	0.014899969
1913	-0.293659568
1915	0.097826123
1916	-0.158951759
1917	-0.179021239
1918	-0.173723221
1919	0.067360878
1923	-0.045370698
1924	0.096129417
1925	-0.079448164
1928	-0.254580021
1930	-0.171306849
1931	-0.363871098
1932	0.019297481
1934	-0.184257507
1935	-0.043777883
1936	0.062683761
1938	-0.014972687
1939	0.151093483
1942	0.152894914
1944	-0.646137953
1946	-0.106942415
1947	-0.083900452
1949	-0.270338535
1952	-0.1419245
1954	-0.133577943
1955	0.234756768
1956	0.141311049
1958	-0.117467403
1960	0.108340263
1961	-0.308518887
1962	-0.040129185
1966	0.073002458
1967	-0.074415684
1969	-0.107335329
1971	-0.041460752
1976	-0.137575269
1980	-0.268868446
1981	-0.031392574
1982	0.069063306
1983	-0.27599144
1995	-0.195856214
1997	-0.214715958
1999	0.046821117
