Step	Value
5	38.71859741
6	26.36788368
11	4.418750286
14	3.331155777
15	3.291472197
18	3.19017005
20	2.943599701
24	2.818681955
36	2.424957037
40	1.874842286
42	1.835272312
44	2.708223581
45	2.476326942
47	1.94830358
53	1.986037374
54	2.303299665
55	2.735550642
56	1.918289304
57	2.616495848
65	2.114768505
68	2.575351954
71	2.051853418
72	1.992661953
73	2.301214218
74	1.70478785
79	1.960193634
87	2.378077269
88	1.984755516
94	1.789783835
102	2.633065939
105	2.424972296
106	2.348110437
113	1.983767867
116	1.932394147
118	1.804333448
126	1.948533535
129	1.445121646
130	1.49981916
139	2.122755766
141	2.499555111
142	1.492102861
143	2.190599918
150	1.856826901
155	1.783459544
157	1.845106363
158	1.498468876
162	2.46052146
167	2.015785933
168	1.810165882
171	1.429984093
177	1.498663545
178	1.486578584
180	1.699079156
183	1.894010782
185	1.970807433
186	2.038703442
188	1.304130197
190	1.691642284
191	1.253410101
198	1.143780947
206	1.55740869
207	1.997632384
208	1.458562255
212	1.930526137
222	1.358741879
223	1.444709539
225	1.325784564
229	1.354423165
232	1.306185722
233	1.848142862
234	1.442408085
237	1.704173684
249	1.492601752
255	1.102285504
258	1.00649631
260	1.261121988
261	1.212143302
263	1.091770291
267	1.072839618
271	1.368564963
273	1.29092443
278	0.99890703
292	1.131600976
297	1.255275607
298	1.003795862
302	0.858376622
303	0.967251837
307	1.116054893
308	1.075457215
310	0.978593111
313	1.179163814
318	1.069305182
319	1.089894533
320	0.945504308
325	0.763833761
326	0.929201424
327	1.343208313
330	1.075330615
339	0.777450621
341	1.083259583
347	1.115127325
353	0.864720166
354	0.800332546
360	0.898332596
363	0.831606805
367	0.955087066
371	0.685112834
373	0.878877759
377	0.747270286
378	1.20052135
379	0.967216492
381	0.778425694
386	1.095187306
391	0.608346581
392	1.044462442
393	1.400036573
408	0.671643436
415	0.660206974
421	0.799220145
422	0.711867988
424	0.577433884
426	0.811433613
430	0.546761215
439	1.04675138
441	0.625682116
442	0.617215216
445	0.899461746
451	0.657498062
459	0.524199724
460	0.783720434
463	0.776840031
464	0.801958621
473	0.640539944
474	0.661880374
485	1.025854945
488	0.917541683
489	0.94637382
491	0.666151881
493	0.832951903
507	0.767739654
512	0.663784444
514	0.672926366
517	0.581658542
519	0.772062719
524	0.536673307
525	0.595496953
531	1.092045784
533	0.823880017
534	0.809611142
536	0.671682596
537	0.540582299
540	0.586121082
542	0.882698536
547	0.609993994
548	0.714972913
557	0.668544173
559	0.848831296
563	0.891485274
564	0.960155845
565	0.926811755
569	0.422395855
573	0.808679342
574	0.682997942
577	0.777465701
579	0.743211329
580	0.745097995
581	0.843099475
582	1.130373478
583	1.507526398
584	0.906440437
586	0.687990785
587	0.847703695
592	0.853827238
593	0.582668006
597	0.623022079
600	0.982917249
602	0.734817505
608	1.294038534
610	0.783855736
615	0.795233846
619	0.739840806
620	0.919275522
622	0.675584137
634	0.750712454
641	0.80465287
642	0.849806964
644	0.739026487
645	0.761040628
646	0.79407382
647	0.59258157
649	0.714330256
652	0.844351411
656	0.972286642
657	0.819155991
661	0.826932192
664	0.835338116
668	0.509116352
671	0.558224022
672	0.575181723
673	0.562657535
674	0.425748795
675	0.767741323
677	0.667575538
678	0.742014408
679	0.937072098
682	0.909835994
683	0.858449697
684	0.571351826
686	0.79531008
688	0.641725302
689	0.702570856
696	0.995687306
699	0.770297825
703	0.464780182
706	0.561978877
708	0.894650042
710	0.770203233
714	0.487304568
718	0.916434407
721	0.664902747
722	1.054144502
723	0.710807979
724	0.714279413
730	0.652228415
736	0.708608568
738	0.820025384
739	0.698597491
743	0.546283185
746	0.59924227
747	0.73669821
750	0.658903182
751	0.556260288
752	0.691883564
754	0.610798895
756	0.475519091
762	0.923335075
765	0.437286377
766	0.634422183
769	0.590227962
770	0.473328829
771	0.5839504
773	0.567146003
774	0.452346563
780	0.741808355
784	0.694815218
785	0.615940332
787	0.601235747
789	0.764471173
791	0.668074071
792	0.8672086
793	0.823393583
794	0.555477262
795	0.50698185
798	0.636626005
800	0.896348178
802	0.695334077
805	0.551893473
807	0.748098254
808	0.562174737
809	0.889606476
815	0.460587382
816	0.647575676
818	0.488093734
821	0.61950016
825	0.852853775
828	0.651761651
831	0.61538744
832	0.654611826
834	0.690183997
836	0.767472804
838	1.009297132
843	0.51250428
846	0.797447443
848	0.617427647
863	0.762587309
867	0.79441148
869	0.480374157
870	0.642686188
874	0.526397943
876	0.574556768
877	0.513177514
880	0.907491446
882	0.46122086
884	0.635475516
887	0.710313797
889	0.682994902
890	0.499045759
892	0.666831255
896	0.881905258
900	0.646471679
907	0.608773112
908	0.703563333
909	0.495205373
910	0.786212981
912	0.508479595
915	0.398415089
916	0.480965912
917	0.822705328
920	0.599793971
921	0.689888418
922	0.418581545
923	0.411055923
931	0.392570436
932	0.90213412
935	0.629503846
942	0.633143842
945	0.617044091
953	0.661073565
954	0.670101941
956	0.611172438
957	0.503483236
958	0.502156377
961	0.691331625
962	0.493764073
964	0.465708792
966	0.44997552
971	0.785663247
972	0.953454554
976	0.918509305
977	0.578854144
978	0.666251302
979	0.481973737
982	0.734257519
983	0.548946738
984	0.80713141
987	0.379636973
988	0.518839657
996	0.837765455
1000	0.505482674
1002	0.885843158
1004	0.656298816
1005	0.793896496
1008	0.529940724
1011	0.513383865
1012	0.485557407
1013	0.717885196
1014	0.389162511
1017	0.724107683
1025	0.541427553
1027	0.756929517
1029	0.543550849
1031	0.657163739
1032	0.454476088
1035	0.528027773
1037	0.708031058
1039	0.725777686
1044	0.434693128
1051	0.565352917
1052	0.537505269
1055	0.613253236
1057	0.478618562
1063	0.703932524
1064	0.936449409
1066	0.631853819
1068	0.622541606
1072	0.517873466
1076	0.676046789
1078	0.363479912
1083	0.702902973
1084	0.458310038
1085	0.682460606
1092	0.583241642
1093	0.89762342
1099	0.465841383
1103	0.578260243
1104	0.486205876
1105	0.562780619
1114	0.586722732
1116	0.521913946
1119	0.695141137
1125	0.609653234
1126	0.643290937
1130	0.413553208
1133	0.569948316
1134	0.530712426
1135	0.417247504
1138	0.623475134
1149	0.486688763
1152	0.476501822
1155	0.613333762
1156	0.456817001
1157	0.332418323
1160	0.463006437
1161	0.509864986
1162	0.666739404
1177	0.442922562
1180	0.447526664
1182	0.522555113
1183	0.613858044
1185	0.653236449
1186	0.621720612
1189	0.596450567
1192	0.402922243
1193	0.693195283
1195	0.924081922
1197	0.579269171
1199	0.638273001
1201	0.44549337
1204	0.482294708
1206	0.578138947
1208	0.50564754
1210	0.359541208
1212	0.514089406
1214	0.354092091
1224	0.40050289
1228	0.592312574
1232	0.518923104
1233	0.482490927
1234	0.322805673
1236	0.614242315
1239	0.805532634
1242	0.76640743
1244	0.390373796
1247	0.538251817
1253	0.541681588
1255	0.549295247
1257	0.922286332
1258	0.701646328
1261	0.449728698
1262	0.400455743
1263	0.435074329
1266	0.436407149
1274	0.710055351
1279	0.30755955
1281	0.417547524
1287	0.408945858
1291	0.474684387
1292	0.588275373
1293	0.58406812
1294	0.379343808
1300	0.629723847
1303	0.580357134
1310	0.651304722
1312	0.3970263
1315	0.906958044
1316	0.366911799
1319	0.60058862
1320	0.38169083
1325	0.601025879
1326	0.501832604
1327	0.585502923
1330	0.569623172
1333	0.434061617
1334	0.465818167
1335	0.437268376
1336	0.455206156
1337	0.422308832
1343	0.588337719
1349	0.533051014
1355	0.642482638
1359	0.647323012
1361	0.466766447
1366	0.967595458
1370	0.675964773
1377	0.459776521
1379	0.539823234
1382	0.549270689
1384	0.419599712
1385	0.624732912
1388	0.869670749
1389	0.580507696
1391	0.442290515
1392	0.675087094
1395	0.381949067
1412	0.549277186
1413	0.330188245
1414	0.458151281
1415	0.516404331
1419	0.320215136
1422	0.426201284
1426	0.624447584
1427	0.86668539
1428	0.465226024
1432	0.463528007
1433	0.629087746
1434	0.381893128
1436	0.829009771
1438	0.605802476
1440	0.692298353
1442	0.466534078
1450	0.871804297
1455	0.499432802
1456	0.612390101
1465	0.370549858
1466	0.32984513
1477	0.410504371
1482	0.554523647
1485	0.508273602
1486	0.362535417
1489	0.340753943
1491	0.393718511
1492	0.332760781
1500	0.770876825
1501	0.688817501
1502	0.4978894
1503	0.584175766
1506	0.684644938
1508	0.402329803
1509	0.377214521
1510	0.356095552
1518	0.537234962
1523	0.396844536
1524	0.565159202
1527	0.526495099
1534	0.57802856
1536	0.568480492
1546	0.471427113
1551	0.61150527
1552	0.589953303
1554	0.409523636
1555	0.552122593
1561	0.308198601
1562	0.40857625
1568	0.449531615
1569	0.658415556
1578	0.796845734
1582	0.518766999
1584	0.448014081
1588	0.442003727
1597	0.425616473
1599	0.767629921
1602	0.355141461
1604	0.325233102
1605	0.309406668
1610	0.55420655
1613	0.408524632
1618	0.364139944
1620	0.337678224
1624	0.487249404
1626	0.480944782
1627	0.634547532
1628	0.571747005
1630	0.274712563
1632	0.660291076
1637	0.417407036
1640	0.583013475
1642	0.324009418
1645	0.358496547
1648	0.541280687
1652	0.515577018
1655	0.54782778
1659	0.421846181
1660	0.377342314
1661	0.36669746
1668	0.510072887
1670	0.768528759
1672	0.642684519
1675	0.496186286
1676	0.682296038
1682	0.578306019
1683	0.374919981
1687	0.652352452
1691	0.55249393
1694	0.550107777
1695	0.390731394
1696	0.492007643
1697	0.456846118
1699	0.450337678
1702	0.365831882
1709	0.586353123
1710	0.433769107
1715	0.33005017
1717	0.311346024
1718	0.81947726
1719	0.574572563
1728	0.733964026
1732	0.459991068
1733	0.504623413
1734	0.575341225
1735	0.379520714
1737	0.410481334
1742	0.351634562
1743	0.475969523
1745	0.507690191
1746	0.367482364
1747	0.45795995
1750	0.317222834
1752	0.444505841
1753	0.325516284
1754	0.649898946
1763	0.797832847
1766	0.284323305
1775	0.413009644
1781	0.334559709
1782	0.260135263
1788	0.682984769
1789	0.434451908
1790	0.434931159
1792	0.640220463
1798	0.488196403
1804	0.567579687
1805	0.305097789
1813	0.468070716
1814	0.408251047
1817	0.646857798
1820	0.435979217
1824	0.472508252
1826	0.31299156
1830	0.391920954
1836	0.554168344
1840	0.479932576
1841	0.685991526
1844	0.801712692
1846	0.432457596
1849	0.503726423
1853	0.405848563
1855	0.498770535
1857	0.332896888
1858	0.416417539
1859	0.387363642
1866	0.501505375
1868	0.438252658
1869	0.425342381
1875	0.544837773
1876	0.542767644
1877	0.430026025
1879	0.338142425
1881	0.292791754
1893	0.388925403
1902	0.47206679
1906	0.486291766
1911	0.384597212
1912	0.421870589
1917	0.32071647
1918	0.387166679
1919	0.435850918
1923	0.44156757
1924	0.454388022
1930	0.523871362
1934	0.458146691
1935	0.367644608
1936	0.422268361
1938	0.306374013
1939	0.522967756
1944	0.288102895
1947	0.488765866
1949	0.462166458
1952	0.435441583
1955	0.445820898
1958	0.370582074
1960	0.324863017
1966	0.513664067
1967	0.349969238
1969	0.581000149
1971	0.278431833
1980	0.436091751
1981	0.424611539
1982	0.455539018
1983	0.500881553
1997	0.550833344
2001	0.477159113
2005	1.082169771
2006	0.610658526
2009	0.43298158
2010	0.345552534
2013	0.402366757
2015	0.496511757
2017	0.508998036
2022	0.26079917
2025	0.514933288
2027	0.387005717
2028	0.583840728
2030	0.35411033
2033	0.266821831
2036	0.350607216
2038	0.33210519
2041	0.318780661
2044	0.622743964
2045	0.302956522
2048	0.356325001
2051	0.592128813
2059	0.499614567
2060	0.491530865
2062	0.367143869
2067	0.312113941
2072	0.32337445
2073	0.418591142
2074	0.331846356
2076	0.820438802
2077	0.443194449
2079	0.421205461
2081	0.387908936
2084	0.373841047
2085	0.321573198
2089	0.363753706
2094	0.488302588
2096	0.554191768
2102	0.260221243
2103	0.370461166
2104	0.372923464
2105	0.267356366
2106	0.34908548
2109	0.499489844
2111	0.427206397
2114	0.317597151
2115	0.5109272
2118	0.382469565
2120	0.532702565
2122	0.331681341
2123	0.39056623
2124	0.34619835
2128	0.448153228
2132	0.428625494
2133	0.31796664
2134	0.405334473
2138	0.527916253
2139	0.300954968
2141	0.363560498
2142	0.407182008
2144	0.433210731
2145	0.502424121
2146	0.429502994
2148	0.337467909
2149	0.556026578
2151	0.583672285
2154	0.424587727
2156	0.407666385
2157	0.32290414
2163	0.496181905
2164	0.339288861
2165	0.314045757
2169	0.369449854
2171	0.54384613
2173	0.483437866
2177	0.433330238
2184	0.39571628
2187	0.513078034
2189	0.349528253
2191	0.347590953
2192	0.600566745
2196	0.369116873
2198	0.380828738
2199	0.55769676
2200	0.314156294
2203	0.35237518
2204	0.621056557
2207	0.354690492
2208	0.37756294
2211	0.43124029
2214	0.356509089
2218	0.40300712
2224	0.277997792
2225	0.378795773
2228	0.398764461
2229	0.384801209
2231	0.53696686
2233	0.311636567
2234	0.278169632
2236	0.52816689
2237	0.375115067
2239	0.389729649
2240	0.603514433
2241	0.338993251
2242	0.321576536
2244	0.305223644
2246	0.27666831
2247	0.490638018
2251	1.160883069
2252	0.456313342
2254	0.411616296
2257	0.385110736
2259	0.252750486
2262	0.411401242
2274	0.51880163
2278	0.318548977
2281	0.505710363
2286	0.422959179
2288	0.289251387
2291	0.469786525
2297	0.398925483
2298	0.39985767
2300	0.344634742
2303	0.867538214
2306	0.343475044
2307	0.47485888
2308	0.625665545
2317	0.509131432
2318	0.720953703
2319	0.662149489
2320	0.380509406
2322	0.636220694
2324	0.565075397
2327	0.244810507
2332	0.458835483
2334	0.266968757
2335	0.304935873
2336	0.462748647
2337	0.539301574
2345	0.303026706
2354	0.536459804
2359	0.274118364
2367	0.436820745
2368	0.417783767
2371	0.311600149
2375	0.283955276
2378	0.447718263
2382	0.367524296
2385	0.366423488
2388	0.417276204
2389	0.478314608
2390	0.323500335
2392	0.481077939
2400	0.442791343
2402	0.421526104
2404	0.340198129
2406	0.364663273
2411	0.408988804
2416	0.465745717
2424	0.321608484
2425	0.325914681
2426	0.471363723
2430	0.431034982
2433	0.511133432
2436	0.36277622
2444	0.458140194
2446	0.367881894
2450	0.338882774
2451	0.246845633
2452	0.399452031
2453	0.313719928
2455	0.356061101
2457	0.225631341
2460	0.41652441
2463	0.42182371
2464	0.392949611
2466	0.349419177
2468	0.407654017
2475	0.298399597
2479	0.394513577
2481	0.398719072
2483	0.480084896
2485	0.420323491
2486	0.385979354
2488	0.355985284
2491	0.257035077
2493	0.341565281
2496	0.258443356
2498	0.404280692
2501	0.443728954
2502	0.396927178
2503	0.321582049
2513	0.363283873
2514	0.323233753
2516	0.337914079
2517	0.526625335
2518	0.402022302
2519	0.423593134
2522	0.486841798
2523	0.596355975
2525	0.485757589
2528	0.570039749
2530	0.42579627
2532	0.311694354
2534	0.416334152
2543	0.272513479
2544	0.373790026
2547	0.594245851
2549	0.285461158
2551	0.261857659
2553	0.454097956
2555	0.353375405
2556	0.372723311
2559	0.415714264
2565	0.482300609
2566	0.424758941
2570	0.551033437
2573	0.535473168
2576	0.227524385
2578	0.279666156
2579	0.312199086
2583	0.39158389
2587	0.325761378
2590	0.450292677
2591	0.26993522
2592	0.336738169
2593	0.341649741
2596	0.330784112
2600	0.874589384
2602	0.286670625
2606	0.424562246
2607	0.468272686
2609	0.541931212
2610	0.416230112
2615	0.387712002
2618	0.450418323
2619	0.427525878
2621	0.347435534
2623	0.435366064
2625	0.259791791
2626	0.433809549
2629	0.443341881
2630	0.36438632
2632	0.242475376
2635	0.426502615
2636	0.346167058
2638	0.329992771
2644	0.414466739
2647	0.52057761
2650	0.328827411
2651	0.296856135
2655	0.367945671
2661	0.37868619
2674	0.460676551
2678	0.377804697
2680	0.534694791
2685	0.275051445
2688	0.395933777
2690	0.477899522
2694	0.331418604
2699	0.242441818
2703	0.260112137
2707	0.281053841
2710	0.649240494
2719	0.452435225
2725	0.559901714
2735	0.484757483
2736	0.393590659
2737	0.387307823
2740	0.391021401
2741	0.313731015
2746	0.331567228
2748	0.804400027
2752	0.376743883
2753	0.347416788
2754	0.441536397
2755	0.315245599
2756	0.323285699
2757	0.366813779
2758	0.617867649
2766	0.414073378
2769	0.54307735
2775	0.441240489
2779	0.293726176
2789	0.240845367
2790	0.34545964
2791	0.398471445
2798	0.343823403
2803	0.26988256
2806	0.353849709
2808	0.430769712
2809	0.34188351
2810	0.338375092
2811	0.267061859
2815	0.343142003
2823	0.514113665
2824	0.364123613
2827	0.591158867
2829	0.626397192
2830	0.362647593
2832	0.352661967
2837	0.423141599
2844	0.303730696
2846	0.382848918
2849	0.413986087
2851	0.395319551
2856	0.335893124
2859	0.66903162
2862	0.23778908
2871	0.291514516
2872	0.431409389
2875	0.471219987
2878	0.417324394
2880	0.512953818
2881	0.346016288
2887	0.364289969
2890	0.416823834
2891	0.300237119
2893	0.356012523
2896	0.294374138
2898	0.319601536
2900	0.421697676
2903	0.41168952
2904	0.4134444
2905	0.258933127
2912	0.353651017
2917	0.357282072
2919	0.274869531
2920	0.647201121
2921	0.297381908
2925	0.228708848
2926	0.338649303
2931	0.346643686
2932	0.388694078
2936	0.453538507
2939	0.254974455
2940	0.370617479
2942	0.423328251
2949	0.481109142
2950	0.261693925
2955	0.428393543
2967	0.275660127
2972	0.394989043
2974	0.31479457
2975	0.465370834
2978	0.278765321
2979	0.370488107
2988	0.370782256
2994	0.495294958
2998	0.411786914
2999	0.249846861
