Step	Value
5	18.2273922
6	4.786547184
11	2.729943037
14	1.843177795
15	1.790960908
18	1.328325272
20	1.145570517
24	0.655841053
36	0.225023583
40	0.167954624
42	0.116969943
44	0.142534181
45	0.176090166
47	0.21224387
53	0.478896618
54	0.539542735
55	0.984055042
56	0.589843452
57	0.881096065
65	1.214607596
68	1.294100881
71	1.590812564
72	1.730224252
73	1.17648828
74	1.433092117
79	0.783510625
87	0.515562832
88	0.524615467
94	0.158355057
102	0.180025175
105	0.18458046
106	0.131251991
113	0.595682919
116	0.819842279
118	0.900804043
126	0.7640028
129	1.516562819
130	0.684917748
139	0.155018613
141	0.26359883
142	0.364557773
143	0.170721829
150	1.790598273
155	1.809168816
157	1.049086571
158	1.746762276
162	1.162128925
167	2.292695761
168	2.302732706
171	2.088502884
177	2.088958979
178	1.828559279
180	1.707369685
183	0.753571033
185	0.188486144
186	0.243059918
188	0.669057906
190	0.124641411
191	0.115634792
198	0.137109458
206	0.187462494
207	0.257962853
208	0.163519368
212	0.235375002
222	0.362454325
223	0.3071841
225	0.168532863
229	0.195970103
232	0.170166612
233	0.256360859
234	0.151126936
237	0.293666154
249	0.496238381
255	0.601902068
258	0.259473771
260	0.329086035
261	0.606636524
263	0.351490498
267	0.611810923
271	0.606672525
273	0.446478456
278	0.161009058
292	0.112690188
297	0.070510961
298	0.117896855
302	0.980474889
303	0.737720013
307	0.523288786
308	0.413384706
310	0.183715701
313	0.085486919
318	0.236865982
319	0.141493991
320	0.10348314
325	0.107577384
326	0.116078041
327	0.110351406
330	0.07517653
339	0.234167889
341	0.201221183
347	0.387227535
353	0.197473407
354	0.177249432
360	0.264385968
363	0.090537257
367	0.128918558
371	0.046417337
373	0.159987882
377	0.180832222
378	0.154779017
379	0.305016875
381	0.297463983
386	0.215084195
391	0.175861239
392	0.120197691
393	0.137651861
408	0.039606463
415	0.033818211
421	0.115166068
422	0.075481944
424	0.113300435
426	0.152151629
430	0.149183661
439	0.132206142
441	0.055747464
442	0.077730365
445	0.328298837
451	0.109468542
459	0.293833971
460	0.950125515
463	0.190380201
464	0.104990087
473	0.130388007
474	0.069132328
485	0.079903781
488	0.084593497
489	0.2092641
491	0.11591506
493	0.060758736
507	0.691102684
512	0.154918924
514	0.235530362
517	0.071432091
519	0.040143404
524	1.07913816
525	1.225497842
531	0.234961703
533	0.246555254
534	0.306893617
536	0.437841028
537	0.219128385
540	0.180569232
542	0.152129188
547	0.172954306
548	0.076718651
557	0.139154837
559	0.07832741
563	0.094420768
564	0.078758828
565	0.080815405
569	0.054203004
573	0.074557625
574	0.112234689
577	0.125199959
579	0.01549682
580	0.182326555
581	0.125389576
582	0.123556219
583	0.260161668
584	0.098060347
586	0.130861536
587	0.181820288
592	0.126326308
593	0.096338175
597	0.087817349
600	0.234753907
602	0.107471287
608	0.171697304
610	0.098653078
615	0.189512372
619	0.157131761
620	0.15596211
622	0.088211916
634	0.08729884
641	0.190479279
642	0.1889292
644	0.274657816
645	0.31032905
646	0.21858567
647	0.164781108
649	0.081892513
652	0.069193892
656	0.067313649
657	0.073425144
661	0.088690795
664	0.154673845
668	0.312821627
671	0.275954485
672	0.083917417
673	0.212892309
674	0.140761629
675	0.236295819
677	0.285078079
678	0.35626784
679	0.595104992
682	0.318659663
683	0.266997308
684	0.109542735
686	0.098233581
688	0.157273054
689	0.134432867
696	0.134626225
699	0.149340227
703	0.13988921
706	0.13999024
708	0.021100933
710	0.052383497
714	0.296950102
718	0.086171724
721	0.185999438
722	0.195456862
723	0.119973399
724	0.054241851
730	0.497367382
736	0.217384174
738	0.261655658
739	0.382963806
743	0.062922865
746	0.091622613
747	0.099773645
750	0.121656619
751	0.136193708
752	0.14739193
754	0.068606451
756	0.658048689
762	0.184516802
765	0.136112228
766	0.12394806
769	0.243521765
770	0.118424095
771	0.016625306
773	0.023453519
774	0.12449459
780	0.370619655
784	0.250840217
785	0.399469137
787	0.350945085
789	0.210105076
791	0.163285777
792	0.142379537
793	0.074762039
794	0.044383883
795	0.065558404
798	0.453877687
800	0.1042253
802	0.09098503
805	0.093039036
807	0.174772307
808	0.117428638
809	0.138382539
815	0.188648641
816	0.29059267
818	0.224087402
821	0.205901682
825	0.203221545
828	0.077735454
831	0.300670594
832	0.159897387
834	0.095611326
836	0.217121407
838	0.214201391
843	0.14319782
846	0.052230496
848	0.098612674
863	0.249237582
867	0.327957064
869	0.326181263
870	0.315624565
874	0.193512067
876	0.038815424
877	0.128243431
880	0.241782323
882	0.183149636
884	0.174705938
887	0.128858626
889	0.073301338
890	0.177510545
892	0.145847142
896	0.036516637
900	0.032197494
907	0.17062436
908	0.097099602
909	0.174727127
910	0.128025949
912	0.495800763
915	0.213059053
916	0.203348875
917	0.191894352
920	0.131117493
921	0.163222119
922	0.125387356
923	0.122849911
931	0.048998374
932	0.091541447
935	0.05771552
942	0.260196477
945	0.185533822
953	0.057119448
954	0.014455966
956	0.021593915
957	0.029833898
958	0.055589553
961	0.055839341
962	0.082902201
964	0.06828358
966	0.030000774
971	0.208199814
972	0.276625097
976	0.045607653
977	0.042613223
978	0.060639698
979	0.082624219
982	0.040657137
983	0.064403377
984	0.046208244
987	0.054894
988	0.172939077
996	0.154375985
1000	0.12256933
1002	0.192357898
1004	0.105769508
1005	0.087011628
1008	0.061841171
1011	0.12963362
1012	0.10424424
1013	0.073721245
1014	0.070283525
1017	0.02733797
1025	0.180101261
1027	0.056609526
1029	0.099320613
1031	0.112160683
1032	0.280243307
1035	0.294712156
1037	0.32632497
1039	0.199713409
1044	0.063733555
1051	0.119598486
1052	0.142300785
1055	0.132006899
1057	0.137628302
1063	0.171931103
1064	0.149222061
1066	0.192309037
1068	0.221183971
1072	0.231751993
1076	0.273499161
1078	0.309774131
1083	0.11142502
1084	0.163306966
1085	0.138832286
1092	0.067851156
1093	0.104351677
1099	0.143736959
1103	0.180774018
1104	0.114916205
1105	0.121578731
1114	0.084389307
1116	0.05787161
1119	0.055254046
1125	0.022921965
1126	0.041076809
1130	0.100046478
1133	0.098750331
1134	0.25131166
1135	0.15534611
1138	0.150958911
1149	0.062927067
1152	0.248218313
1155	0.068679012
1156	0.045295775
1157	0.03036168
1160	0.040996034
1161	0.08903908
1162	0.125108361
1177	0.24516426
1180	0.059536327
1182	0.213750795
1183	0.160287753
1185	0.277589828
1186	0.319197118
1189	0.360481739
1192	0.123975627
1193	0.039372675
1195	0.049650963
1197	0.04230842
1199	0.062231362
1201	0.13898842
1204	0.116096057
1206	0.069518365
1208	0.090153992
1210	0.050831188
1212	0.069934189
1214	0.103453308
1224	0.175290227
1228	0.334080011
1232	0.177266732
1233	0.364556402
1234	0.332302541
1236	0.07128714
1239	0.091498613
1242	0.057921831
1244	0.085379362
1247	0.179260388
1253	0.08016669
1255	0.182623819
1257	0.2017138
1258	0.351343721
1261	0.064418413
1262	0.026115432
1263	0.031198459
1266	0.050357442
1274	0.055984452
1279	0.331037015
1281	0.1902643
1287	0.101992697
1291	0.068528883
1292	0.067664184
1293	0.107503079
1294	0.089846827
1300	0.100716621
1303	0.053189095
1310	0.050536588
1312	0.036159996
1315	0.068588726
1316	0.066574492
1319	0.072532423
1320	0.104397766
1325	0.172467813
1326	0.22152321
1327	0.167121649
1330	0.200287148
1333	0.162662581
1334	0.159730196
1335	0.096871175
1336	0.16964595
1337	0.143197477
1343	0.106766485
1349	0.065943472
1355	0.027006976
1359	0.064799108
1361	0.160384983
1366	0.080557853
1370	0.086688943
1377	0.107636683
1379	0.071655124
1382	0.155751973
1384	0.114695109
1385	0.123391353
1388	0.068319418
1389	0.106568374
1391	0.110039331
1392	0.078070529
1395	0.119624712
1412	0.055341769
1413	0.071896292
1414	0.128067449
1415	0.08498811
1419	0.108584017
1422	0.038999777
1426	0.125245765
1427	0.099383205
1428	0.416514963
1432	0.16813457
1433	0.150926948
1434	0.068105198
1436	0.066873968
1438	0.112151615
1440	0.057088941
1442	0.159705386
1450	0.137892947
1455	0.069468744
1456	0.13555254
1465	0.120311946
1466	0.175777256
1477	0.09516871
1482	0.052894648
1485	0.098798074
1486	0.104566552
1489	0.057091225
1491	0.073572718
1492	0.097623251
1500	0.124410182
1501	0.137950554
1502	0.035325479
1503	0.07774733
1506	0.048396852
1508	0.093787335
1509	0.096437372
1510	0.103699774
1518	0.172352478
1523	0.088445343
1524	0.142788246
1527	0.089624025
1534	0.058562536
1536	0.048069146
1546	0.095243841
1551	0.094632268
1552	0.133235633
1554	0.05578192
1555	0.063428931
1561	0.027140781
1562	0.027046964
1568	0.156633943
1569	0.161065713
1578	0.189182475
1582	0.071523972
1584	0.078290097
1588	0.145230368
1597	0.135179818
1599	0.190266371
1602	0.076513022
1604	0.092012845
1605	0.085426748
1610	0.076546215
1613	0.138110265
1618	0.077742033
1620	0.078539595
1624	0.225667045
1626	0.156269386
1627	0.10022185
1628	0.167585805
1630	0.19947201
1632	0.116869867
1637	0.040182263
1640	0.072050244
1642	0.072517782
1645	0.097134896
1648	0.092181236
1652	0.10250292
1655	0.078643568
1659	0.120227672
1660	0.1774652
1661	0.127407715
1668	0.176795304
1670	0.269008189
1672	0.156134456
1675	0.110582806
1676	0.076123364
1682	0.065551199
1683	0.041906964
1687	0.09303049
1691	0.084045269
1694	0.091285914
1695	0.15814735
1696	0.082742251
1697	0.113808595
1699	0.053990006
1702	0.043562409
1709	0.107636638
1710	0.104204439
1715	0.093400747
1717	0.145491615
1718	0.187058017
1719	0.155634537
1728	0.117656052
1732	0.111837246
1733	0.113845028
1734	0.184418246
1735	0.178310439
1737	0.266813606
1742	0.079376303
1743	0.119301021
1745	0.149197027
1746	0.147137851
1747	0.183717087
1750	0.068541825
1752	0.090669625
1753	0.12079367
1754	0.129951835
1763	0.046940308
1766	0.569323897
1775	0.059143048
1781	0.268159002
1782	0.162613049
1788	0.103289865
1789	0.129907116
1790	0.104982667
1792	0.105902165
1798	0.118955582
1804	0.138857648
1805	0.06060566
1813	0.211238578
1814	0.220243648
1817	0.032341916
1820	0.016426889
1824	0.104793765
1826	0.070182562
1830	0.107198142
1836	0.082362451
1840	0.092943788
1841	0.084846675
1844	0.077398509
1846	0.212749735
1849	0.059625443
1853	0.117013447
1855	0.144182131
1857	0.195746303
1858	0.181719184
1859	0.128388986
1866	0.080174424
1868	0.085198231
1869	0.111282893
1875	0.060722839
1876	0.068516664
1877	0.037600052
1879	0.045926403
1881	0.078841232
1893	0.026599839
1902	0.147331879
1906	0.054622781
1911	0.088494308
1912	0.087845802
1917	0.250508159
1918	0.366694361
1919	0.15638788
1923	0.089933179
1924	0.159578621
1930	0.064732663
1934	0.333990335
1935	0.183136031
1936	0.093275368
1938	0.026354985
1939	0.04402433
1944	0.623991191
1947	0.137007058
1949	0.184971988
1952	0.107373796
1955	0.053815886
1958	0.042216729
1960	0.032334432
1966	0.166311532
1967	0.171219662
1969	0.125225902
1971	0.050476234
1980	0.056616325
1981	0.020395814
1982	0.047334153
1983	0.082949877
1997	0.036629949
2001	0.11155089
2005	0.037409905
2006	0.053632099
2009	0.189273998
2010	0.148376867
2013	0.076411568
2015	0.091549926
2017	0.052133352
2022	0.223017037
2025	0.102495156
2027	0.152528837
2028	0.14830704
2030	0.123515703
2033	0.07551311
2036	0.085161053
2038	0.077412978
2041	0.069510698
2044	0.06570226
2045	0.060880322
2048	0.079134844
2051	0.109584622
2059	0.073945843
2060	0.074938677
2062	0.181825444
2067	0.082316667
2072	0.057948496
2073	0.07044328
2074	0.248906896
2076	0.165341809
2077	0.315242738
2079	0.135185644
2081	0.058813479
2084	0.056125659
2085	0.062845439
2089	0.042186648
2094	0.119044185
2096	0.220007673
2102	0.142071828
2103	0.119587578
2104	0.097215168
2105	0.073182173
2106	0.022043431
2109	0.119387388
2111	0.165317968
2114	0.089337729
2115	0.044251498
2118	0.102433622
2120	0.107915677
2122	0.118092716
2123	0.094230592
2124	0.042094275
2128	0.09061233
2132	0.092219137
2133	0.123433553
2134	0.10038083
2138	0.143419042
2139	0.16315037
2141	0.077869564
2142	0.18591769
2144	0.054613959
2145	0.080875807
2146	0.050818603
2148	0.055949826
2149	0.116944909
2151	0.118685685
2154	0.065795824
2156	0.234597921
2157	0.133938208
2163	0.103724442
2164	0.141997382
2165	0.065405078
2169	0.192876026
2171	0.148882002
2173	0.081815414
2177	0.264440298
2184	0.062539764
2187	0.045022693
2189	0.198741853
2191	0.127734795
2192	0.080015823
2196	0.039290104
2198	0.141161755
2199	0.13909483
2200	0.063765757
2203	0.099467523
2204	0.109919339
2207	0.069885537
2208	0.18749015
2211	0.092835754
2214	0.045510661
2218	0.075924888
2224	0.191488251
2225	0.150493875
2228	0.107853539
2229	0.067078196
2231	0.055799324
2233	0.084810674
2234	0.128053531
2236	0.167167082
2237	0.150721624
2239	0.06135948
2240	0.068243571
2241	0.119520374
2242	0.138869956
2244	0.123970598
2246	0.064313509
2247	0.089383818
2251	0.062005609
2252	0.07012666
2254	0.097757258
2257	0.138939425
2259	0.314688474
2262	0.140773937
2274	0.061746877
2278	0.073980011
2281	0.067019835
2286	0.021576332
2288	0.025879957
2291	0.047194157
2297	0.043053359
2298	0.042709649
2300	0.034899075
2303	0.0383127
2306	0.08142259
2307	0.069621302
2308	0.107591219
2317	0.068722479
2318	0.064087771
2319	0.062848754
2320	0.056201473
2322	0.045367133
2324	0.074455447
2327	0.062081736
2332	0.0608055
2334	0.04616471
2335	0.050483253
2336	0.057565767
2337	0.026376473
2345	0.137116149
2354	0.050036252
2359	0.09936583
2367	0.030020982
2368	0.052930906
2371	0.133107439
2375	0.058654618
2378	0.0148561
2382	0.023591811
2385	0.055084985
2388	0.073944248
2389	0.041093722
2390	0.070926502
2392	0.108034641
2400	0.088613272
2402	0.111998014
2404	0.138637647
2406	0.067684792
2411	0.13530086
2416	0.122612506
2424	0.089374699
2425	0.204444632
2426	0.205967486
2430	0.053216685
2433	0.086273365
2436	0.165794984
2444	0.230037689
2446	0.21001029
2450	0.037739996
2451	0.037527073
2452	0.031743836
2453	0.071770467
2455	0.053266406
2457	0.062785439
2460	0.029637756
2463	0.048586637
2464	0.035364285
2466	0.04676738
2468	0.105256021
2475	0.193554148
2479	0.059099194
2481	0.065008231
2483	0.118079491
2485	0.036185462
2486	0.02578119
2488	0.045644194
2491	0.06703008
2493	0.109913684
2496	0.070868909
2498	0.053652316
2501	0.109279804
2502	0.126821116
2503	0.214393795
2513	0.036105011
2514	0.108005248
2516	0.116246633
2517	0.081558414
2518	0.109768696
2519	0.072907515
2522	0.113022529
2523	0.191293105
2525	0.254802167
2528	0.147024974
2530	0.304667443
2532	0.1355405
2534	0.145910829
2543	0.090098083
2544	0.126480535
2547	0.094719373
2549	0.100649357
2551	0.128114119
2553	0.087780662
2555	0.108017266
2556	0.063711382
2559	0.154723808
2565	0.054003645
2566	0.036132228
2570	0.106880963
2573	0.054774791
2576	0.112845629
2578	0.027026661
2579	0.061396856
2583	0.068261601
2587	0.037651576
2590	0.026672542
2591	0.02103664
2592	0.033748154
2593	0.023376698
2596	0.14726536
2600	0.059322983
2602	0.078441374
2606	0.080459125
2607	0.053125862
2609	0.050726876
2610	0.030169906
2615	0.030652031
2618	0.04599132
2619	0.035852756
2621	0.105381332
2623	0.052483041
2625	0.170000672
2626	0.076782152
2629	0.043243852
2630	0.040225364
2632	0.055394147
2635	0.051523168
2636	0.079631247
2638	0.06748832
2644	0.074297346
2647	0.052700151
2650	0.144646481
2651	0.151609987
2655	0.067132674
2661	0.162785515
2674	0.061370563
2678	0.052701592
2680	0.034341287
2685	0.106538512
2688	0.149420634
2690	0.127350196
2694	0.062015768
2699	0.070700586
2703	0.065066755
2707	0.243867412
2710	0.035685126
2719	0.055762738
2725	0.085349955
2735	0.05505069
2736	0.077005662
2737	0.027142571
2740	0.050723512
2741	0.059771255
2746	0.094506286
2748	0.074265286
2752	0.126485214
2753	0.068099469
2754	0.139652893
2755	0.066950805
2756	0.051159769
2757	0.084437281
2758	0.023894608
2766	0.067032635
2769	0.092372298
2775	0.054213244
2779	0.030648356
2789	0.092624128
2790	0.065164804
2791	0.117541544
2798	0.08854837
2803	0.067861676
2806	0.121744961
2808	0.06820026
2809	0.124833919
2810	0.14544037
2811	0.073965214
2815	0.093166612
2823	0.226615235
2824	0.142920449
2827	0.222732782
2829	0.128312543
2830	0.200308457
2832	0.072637327
2837	0.257081002
2844	0.099523284
2846	0.123342574
2849	0.027923027
2851	0.080281258
2856	0.042454701
2859	0.100324817
2862	0.091590971
2871	0.023561468
2872	0.058316905
2875	0.074519314
2878	0.061704189
2880	0.160999671
2881	0.125828251
2887	0.071675882
2890	0.042922873
2891	0.199425876
2893	0.227193519
2896	0.037918057
2898	0.071654551
2900	0.104567468
2903	0.158121035
2904	0.082712054
2905	0.078034185
2912	0.191129625
2917	0.044893861
2919	0.107248992
2920	0.093183994
2921	0.062541433
2925	0.103345118
2926	0.067322053
2931	0.089797474
2932	0.055509124
2936	0.083884366
2939	0.082051009
2940	0.064458922
2942	0.038834449
2949	0.041998189
2950	0.037138488
2955	0.061261218
2967	0.167002633
2972	0.088753283
2974	0.160318628
2975	0.053079356
2978	0.098714091
2979	0.03741692
2988	0.067911692
2994	0.141761601
2998	0.118140019
2999	0.057441626
