8.412324609625099   8.412324609625099
8.338428403007194   8.338428403007194
8.390649897379667   8.390649897379667
8.565088674419180   8.565088674419180
8.892167925453426   8.892167925453426
9.206825876031850   9.206825876031850
8.929704903866787   8.929704903866787
8.594567558991665   8.594567558991665
8.331684355157520   8.331684355157520
8.219161813323687   8.219161813323687
8.142064562431333   8.142064562431333
8.111334105841950   8.111334105841950
8.102239155815425   8.102239155815425
8.104257612090407   8.104257612090407
8.119397111024470   8.119397111024470
8.138994491257480   8.138994491257480
8.392196435071450   8.392196435071450
8.299107904123291   8.299107904123291
8.314226102872220   8.314226102872220
8.425014680161247   8.425014680161247
8.666003917292786   8.666003917292786
9.069197664799091   9.069197664799091
9.298917888387990   9.298917888387990
8.914781832123030   8.914781832123030
8.549935135902329   8.549935135902329
8.376157057783253   8.376157057783253
8.260719244146367   8.260719244146367
8.205203822433491   8.205203822433491
8.178784492068388   8.178784492068388
8.168027873467747   8.168027873467747
8.173658489009409   8.173658489009409
8.185815733683349   8.185815733683349
8.372204041503977   8.372204041503977
8.262931395799063   8.262931395799063
8.246457709890850   8.246457709890850
8.300253434702260   8.300253434702260
8.455574775317052   8.455574775317052
8.750126773197573   8.750126773197573
9.210004258448887   9.210004258448887
9.419748790065585   9.419748790065585
8.938406333497419   8.938406333497419
8.637488628764734   8.637488628764734
8.448953534644588   8.448953534644588
8.349074031780768   8.349074031780768
8.293079563326717   8.293079563326717
8.261326877892012   8.261326877892012
8.251719962304637   8.251719962304637
8.252227827944731   8.252227827944731