Step	Value
0	32.73454666
1	29.36000061
2	18.01066589
3	10.65752792
4	4.480998516
5	1.735495329
6	1.386991024
7	0.791374087
8	0.621539712
9	0.243861288
10	0.228461444
11	0.226033449
12	0.362779796
13	0.379480779
14	0.30003795
15	0.828273714
16	0.784841418
17	1.026425123
18	0.783882797
19	1.194745541
20	2.028743744
21	2.21321106
22	1.756830215
23	2.079830647
24	1.866797924
25	1.657697439
26	1.860544205
27	2.310306072
28	2.531397343
29	4.301344872
30	5.008593559
31	5.735843658
32	6.040356636
33	7.417224884
34	6.303059578
35	4.815740585
36	4.961136818
37	4.239179134
38	5.151340961
39	6.506182671
40	7.111899376
41	7.931522846
42	7.759412766
43	8.585813522
44	8.41936779
45	12.06207848
46	11.63680077
47	12.03252888
48	11.0034256
49	9.898021698
50	9.993754387
51	9.997917175
52	10.42268276
53	11.16415787
54	8.786493301
55	6.687662125
56	5.074422359
57	6.718095779
58	8.268862724
59	7.997321129
60	6.679833889
61	6.905602455
62	5.921148777
63	4.217071533
64	4.242321968
65	3.954139233
66	3.553282738
67	4.104162216
68	4.506667137
69	3.689783335
70	3.321482182
71	6.939962387
72	8.857812881
73	9.026517868
74	10.7100296
75	9.684625626
76	9.213562965
77	8.119933128
78	8.858045578
79	9.352920532
80	5.974096298
81	2.458199978
82	2.143610954
83	3.325185537
84	3.138079166
85	3.406581879
86	4.755378246
87	7.007789612
88	9.071437836
89	7.533268452
90	8.193384171
91	8.243502617
92	6.930818558
93	7.53185463
94	6.992544651
95	5.306893349
96	4.323016644
97	5.18744278
98	4.009275913
99	4.20611763
100	3.622982025
101	3.108218193
102	4.213407993
103	3.150882244
104	1.864583969
105	2.09478879
106	3.866095543
107	7.48375988
108	6.981617928
109	7.625709534
110	10.85617447
111	9.887788773
112	7.987444878
113	6.91689682
114	5.750944138
115	2.708632469
116	2.089644432
117	4.720569611
118	6.3516469
119	5.08527565
120	3.976222038
121	3.246874809
122	2.748362541
123	2.061075926
124	1.605004549
125	2.51928091
126	3.043426514
127	6.493667603
128	6.098835945
129	5.224897861
130	5.445759773
131	4.646395683
132	3.52300024
133	5.039662838
134	6.083288193
135	5.077005863
136	6.573088646
137	9.248224258
138	9.016904831
139	9.774212837
140	10.0298233
141	10.99710274
142	10.46404743
143	8.201150894
144	8.113044739
145	4.637014389
146	4.59965992
147	3.859331608
148	3.188973904
149	3.837307453
150	5.570763588
151	7.072545052
152	3.539820194
153	4.871391296
154	6.809988976
155	8.635248184
156	8.407806396
157	6.387834072
158	4.006049156
159	2.62351656
160	2.040156126
161	2.539432049
162	2.649742603
163	2.270988464
164	2.905329943
165	3.912187576
166	3.804323673
167	2.867468357
168	1.702659369
169	1.249596119
170	1.276932001
171	1.625810623
172	1.654020309
173	1.192925692
174	0.459235996
175	0.708784699
176	2.175984859
177	3.022256851
178	3.825399637
179	3.202720165
180	2.226952076
181	3.846598387
182	4.17742157
183	4.092251301
184	3.562504768
185	4.388233662
186	5.901175499
187	6.124761105
188	5.682582855
189	4.70890522
190	5.028003693
191	5.749964714
192	4.873892784
193	3.321855068
194	4.319458961
195	3.60221529
196	2.984171867
197	3.287587166
198	3.556006432
199	3.641450644
200	5.02428627
201	3.615958691
202	3.520937204
203	3.730712891
204	4.585664749
205	3.590158939
206	3.676661968
207	2.566803932
208	2.298951149
209	3.339552402
210	2.708234787
211	1.610496163
212	1.353716969
213	2.024590492
214	1.027855158
215	1.361911058
216	1.300272226
217	1.061133862
218	1.257021189
219	1.45537281
220	2.142525196
221	2.659397125
222	2.597070217
223	3.028991699
224	3.353749275
225	2.149140835
226	2.696304798
227	2.980124474
228	2.105681181
229	3.569191456
230	4.817951679
231	5.838848114
232	5.19490242
233	4.353236198
234	3.578411579
235	3.099832058
236	2.839756966
237	1.319866657
238	2.272452354
239	2.885921955
240	3.010807991
241	3.27099967
242	2.272884369
243	3.29940033
244	2.186406612
245	2.822477341
246	2.269872189
247	3.22325325
248	3.957712889
249	4.816512108
250	4.116581917
251	3.46808815
252	2.445240498
253	1.949520826
254	1.875945568
255	1.847292423
256	1.941309214
257	2.363383293
258	3.668651104
259	2.241405487
260	1.305809617
261	1.006269932
262	1.307422519
263	1.737666845
264	1.778482437
265	1.550522566
266	1.436870694
267	2.267237663
268	1.651725769
269	1.216924429
270	0.983494639
271	1.446281314
272	1.855500937
273	2.276040077
274	2.184202194
275	2.396711349
276	1.193260193
277	0.690889001
278	0.823797107
279	1.105912089
280	0.791847825
281	0.508378565
282	0.559569597
283	0.518190801
284	0.912944615
285	0.864566505
286	0.79963243
287	0.976372957
288	0.749516904
289	1.274708271
290	1.675581217
291	1.792577028
292	1.171916962
293	0.935472012
294	1.33962059
295	1.741075754
296	1.211367011
297	1.500630379
298	1.454095125
299	1.615208864
300	2.927234411
301	2.235919952
302	2.017190933
303	1.920778155
304	1.756023884
305	1.667392254
306	1.755095363
307	1.797502637
308	1.09275806
309	1.090228081
310	1.298900962
311	1.309126377
312	2.602115154
313	3.362030983
314	2.699888706
315	2.819230795
316	2.83175993
317	2.708142281
318	3.286980391
319	2.302474022
320	1.753775716
321	2.133443356
322	1.706515074
323	1.895588875
324	1.519723535
325	0.782682896
326	0.549881577
327	0.977675676
328	0.593953729
329	0.829621792
330	0.679341555
331	0.942817926
332	0.683457017
333	0.519710779
334	0.45633626
335	0.897540867
336	1.632271528
337	2.118979692
338	1.868046284
339	1.955752134
340	2.890174627
341	2.501326084
342	0.891230941
343	1.343467116
344	1.649888277
345	1.895888329
346	0.947994471
347	1.134146452
348	1.005017161
349	0.830204248
350	1.033363938
351	1.074967742
352	1.164950609
353	0.595432699
354	0.650111318
355	0.65869081
356	0.634554327
357	0.791158199
358	0.905908823
359	1.210455298
360	1.10251379
361	1.144021988
362	1.149390697
363	1.191607952
364	1.562079906
365	2.070977688
366	1.885698557
367	1.780929208
368	1.72005558
369	1.779590964
370	1.97523725
371	1.637591481
372	1.523682356
373	2.35439086
374	2.488263607
375	4.471623898
376	2.436932325
377	2.237886906
378	1.854440928
379	2.037390709
380	1.717365265
381	1.706236362
382	0.714954257
383	1.062762976
384	1.320168734
385	1.421610594
386	1.274025202
387	1.944197893
388	1.868469
389	1.644191742
390	1.530718446
391	1.431254983
392	1.289620161
393	1.75681901
394	1.28278923
395	1.917118073
396	2.228528976
397	4.218748093
398	3.350863934
399	4.072985649
400	3.610440731
401	3.600015879
402	3.250286579
403	2.371250629
404	1.826420188
405	1.14964962
406	1.174143076
407	1.56912446
408	1.285382509
409	1.227619171
410	1.195617199
411	1.207141161
412	1.253299117
413	1.710380435
414	2.105497837
415	1.476266384
416	1.479165792
417	1.284906507
418	0.838096857
419	1.279780626
420	1.270903111
421	1.41271925
422	2.06005621
423	3.657155275
424	1.956882238
425	1.524868727
426	1.374975085
427	1.25549221
428	8.169579506
429	5.948249817
430	7.126992226
431	1.860679865
432	1.399115086
433	0.593033373
434	0.626526415
435	0.728980303
436	0.980079532
437	1.147946358
438	1.103541613
439	1.224948883
440	1.748915911
441	1.458615065
442	0.924180984
443	0.963883162
444	1.288547516
445	1.851881027
446	1.60441184
447	2.115628719
448	1.983512878
449	6.376786232
450	8.541293144
451	9.104030609
452	9.259479523
453	7.701166153
454	5.782427788
455	4.931005001
456	4.584885597
457	4.206496239
458	2.981842041
459	2.382390022
460	1.675107241
461	1.16728282
462	2.098895311
463	2.239668369
464	2.761013508
465	1.200656414
466	0.4883219
467	0.736849368
468	0.954295099
469	1.239766717
470	1.372223616
471	1.315350771
472	1.944279194
473	2.073273897
474	1.676882267
475	1.002586246
476	1.425806284
477	0.960639954
478	0.904181242
479	0.815620065
480	1.226462603
481	1.158326507
482	0.984892964
483	1.502123117
484	1.264480591
485	1.605885625
486	1.162883639
487	0.913989425
488	1.301921964
489	1.038020372
490	1.035529494
491	0.991363645
492	1.280997753
493	1.420378685
494	1.122375727
495	0.778151572
496	1.140719891
497	1.348386288
498	1.348651052
499	1.049248099
500	1.198775053
501	1.018764019
502	0.944032788
503	1.143514276
504	1.017980456
505	1.279910088
506	1.247769117
507	3.073270798
508	3.376364231
509	3.097710371
510	2.642570734
511	3.184856415
512	2.885693789
513	2.927365303
514	2.232390165
515	1.384239554
516	1.13740325
517	0.984894633
518	1.515592337
519	3.924614906
520	4.356593609
521	3.826481819
522	3.16236496
523	3.712002754
524	3.709077835
525	5.061999321
526	5.370804787
527	0.860455871
528	0.62070334
529	0.794462502
530	0.982280612
531	1.990787029
532	2.627473354
533	2.391757488
534	2.131492853
535	1.937410474
536	1.776331663
537	1.421212316
538	0.93013835
539	1.647045612
540	2.113333702
541	1.94436264
542	2.853596449
543	1.655464411
544	1.933249712
545	1.622699022
546	4.566102505
547	4.386349678
548	2.109772682
549	2.220586538
550	1.482529283
551	1.793223381
552	1.720798969
553	1.653117657
554	1.571068764
555	1.702371836
556	1.934493303
557	1.37626195
558	0.82929641
559	1.072211385
560	1.329838276
561	1.348041058
562	1.273919702
563	1.52731514
564	0.988473773
565	1.547902584
566	1.658781409
567	2.32340765
568	2.043709517
569	2.2669065
570	1.680219889
571	0.996415496
572	1.059683919
573	0.952999294
574	0.8697927
575	0.699040174
576	0.637005687
577	1.037768364
578	1.018776178
579	0.79489243
580	0.848787069
581	1.268785954
582	1.021204591
583	1.450666189
584	1.000766635
585	0.779863238
586	1.435865402
587	1.542920113
588	1.494982719
589	1.372634411
590	1.869345307
591	1.530752897
592	1.820053339
593	2.540570736
594	2.528940201
595	2.26184082
596	2.431431055
597	2.705868959
598	1.571486473
599	0.96420002
600	1.033827424
601	1.142301679
602	1.358731508
603	0.92462033
604	1.050999641
605	1.0863626
606	1.184112787
607	1.024140716
608	1.058465004
609	1.531692147
610	1.666589618
611	1.668810725
612	1.038571835
613	0.978444934
614	1.552951336
615	2.150093794
616	2.268828392
617	1.408249855
618	1.610051394
619	1.871254683
620	1.660210729
621	1.411200285
622	1.574250579
623	1.445996046
624	1.474998236
625	1.305337191
626	1.676019192
627	1.432396173
628	2.300255299
629	2.977468014
630	3.043326855
631	2.926744938
632	3.980120182
633	3.208132029
634	4.552475929
635	2.937072754
636	1.853328943
637	1.51284337
638	1.410584807
639	2.504523754
640	2.605452538
641	2.926478863
642	3.422866583
643	2.52821207
644	1.698755503
645	1.570551276
646	1.215074062
647	1.761326194
648	3.263063431
649	3.397210121
650	2.401778698
651	2.112515926
652	2.332480192
653	2.101677418
654	2.112471581
655	2.059258461
656	1.537822962
657	0.983170331
658	1.269668341
659	1.381271124
660	1.409183383
661	1.488509893
662	1.666659951
663	1.717447281
664	1.458563924
665	1.795369387
666	1.556221247
667	0.97326839
668	0.952356577
669	1.153533459
670	1.155426025
671	1.184375644
672	1.294676781
673	1.248664021
674	1.347187042
675	1.592067361
676	1.945896626
677	2.979946613
678	1.176548004
679	1.129157543
680	1.10444653
681	1.141178966
682	1.41225028
683	1.75246954
684	1.435700655
685	1.56558609
686	1.71326685
687	1.257564902
688	1.137318134
689	1.014746428
690	1.258444309
691	1.258517027
692	1.773370028
693	1.602945566
694	1.36471343
695	1.289127827
696	1.612900972
697	1.626891375
698	1.349208117
699	1.087031364
700	1.358679652
701	1.507199764
702	1.440474272
703	2.245302916
704	1.574303389
705	1.220530272
706	0.778836727
707	0.755241513
708	0.686513841
709	0.696812868
710	0.707831323
711	0.800624371
712	0.833135962
713	0.999774575
714	1.125398159
715	0.877986848
716	1.208371043
717	1.297629833
718	1.400702
719	1.574681282
720	1.471358538
721	1.462568045
722	1.874786377
723	1.246458769
724	0.983264744
725	1.179273605
726	2.031276703
727	1.220405102
728	1.51242137
729	1.453406334
730	1.275758743
731	1.073946476
732	1.343833447
733	1.191942215
734	1.532377243
735	1.493031263
736	1.272736788
737	0.874656916
738	0.64974606
739	1.279999495
740	1.162336349
741	1.421907067
742	1.396027327
743	1.462218285
744	1.241289139
745	1.466831923
746	1.430425048
747	1.437278748
748	1.121928215
749	0.888770103
750	1.365283489
751	2.320626736
752	2.404370308
753	1.491593599
754	2.029350996
755	1.343510032
756	0.86387217
757	1.446252584
758	1.67255497
759	1.489642382
760	1.150726199
761	1.318196177
762	1.535479546
763	1.145797133
764	0.99876821
765	0.854331076
766	0.852122784
767	0.931240857
768	1.20721364
769	1.061427951
770	1.011669993
771	0.903982997
772	1.003183484
773	1.184566498
774	1.007201433
775	0.838064313
776	0.722999454
777	0.762073755
778	0.912547767
779	1.210365295
780	1.114302874
781	1.167059898
782	1.211706996
783	1.297067165
784	1.548319817
785	1.127257824
786	1.32335186
787	1.110859156
788	1.168845773
789	1.84582305
790	1.657205701
791	0.986311436
792	0.89267385
793	0.919917583
794	1.472600698
795	1.391970158
796	1.578842402
797	1.213134289
798	1.345061541
799	1.333523273
800	1.506307006
801	1.135891438
802	1.230956197
803	0.913498044
804	1.041554809
805	1.757996559
806	1.567689896
807	1.092124104
808	1.045022488
809	0.964536011
810	0.820985019
811	1.649220109
812	1.716689944
813	1.32202208
814	1.085620522
815	1.193758845
816	0.679900765
817	0.487871826
818	0.449233264
819	0.76374507
820	0.959789634
821	1.005027175
822	0.904283762
823	1.227009416
824	1.175282001
825	1.2572999
826	1.39880538
827	1.049567461
828	1.157364607
829	1.200934887
830	1.640006423
831	1.885633707
832	1.637175798
833	1.739677429
834	1.565052986
835	1.404657841
836	1.204492211
837	1.183619499
838	1.351620197
839	1.13746202
840	1.348492265
841	1.120221615
842	1.160986423
843	1.059971809
844	1.143711805
845	1.130521536
846	1.406979084
847	1.213491917
848	1.132705927
849	1.164418101
850	1.104287982
851	1.506967306
852	1.337213397
853	1.699380636
854	1.471322179
855	1.787142634
856	2.032283306
857	2.084416389
858	2.156051397
859	2.867669582
860	2.852705956
861	2.37445879
862	3.681694984
863	3.677584887
864	1.880923986
865	1.601330996
866	1.616391659
867	1.363796711
868	1.266755104
869	1.330632448
870	1.120593071
871	1.200932503
872	1.288815498
873	1.053700328
874	1.166213512
875	1.015534163
876	1.062855363
877	1.18876493
878	1.209923506
879	1.378936768
880	0.894589663
881	0.883089662
882	1.035723329
883	1.192436218
884	1.259161949
885	1.59490788
886	1.162803054
887	1.082897663
888	1.644583702
889	1.551921129
890	1.673200369
891	1.413329601
892	0.939655006
893	0.840075254
894	0.914668024
895	1.02936697
896	0.965423703
897	0.90966785
898	1.252295256
899	1.37089932
900	1.647334337
901	1.411026359
902	1.156585455
903	1.00276792
904	1.077308655
905	1.06811738
906	1.139102697
907	1.100545406
908	1.629638195
909	1.420357466
910	1.780775905
911	2.008139849
912	1.488856077
913	1.066716313
914	1.620229721
915	1.235891342
916	1.244516611
917	1.682866812
918	1.777271509
919	1.214256048
920	1.391543627
921	0.861753941
922	1.119793892
923	1.608220935
924	1.66190362
925	1.618106842
926	1.210519791
927	1.825229883
928	2.257806778
929	1.521973372
930	1.080838203
931	1.44238472
932	1.535901666
933	1.852045774
934	1.922948599
935	2.066789627
936	1.513097405
937	1.324882269
938	0.903119087
939	0.933680177
940	0.854032874
941	1.043980241
942	1.354562283
943	1.33627224
944	1.255354166
945	1.321216345
946	1.169977665
947	1.233346939
948	1.461898088
949	1.310035467
950	0.891853929
951	0.88348937
952	1.44365108
953	1.36105144
954	1.21987009
955	1.232904196
956	1.193924546
957	1.286422014
958	1.568886042
959	1.634495497
960	1.446007729
961	1.136690617
962	1.504796863
963	1.375182629
964	1.272120476
965	1.408157468
966	1.214866519
967	1.223855019
968	1.161836028
969	1.615946412
970	1.815221786
971	1.620229959
972	1.307662725
973	1.215265632
974	1.204601765
975	1.159525156
976	0.855368912
977	0.952659011
978	0.978517294
979	1.332162499
980	1.266287565
981	1.257158279
982	1.278511286
983	1.05426085
984	1.176034689
985	1.251886368
986	1.778918266
987	1.373903036
988	1.570158601
989	1.310877323
990	1.25417757
991	1.014151335
992	0.915632546
993	0.98954463
994	0.942825794
995	1.162624717
996	1.346599817
997	1.264671564
998	1.205867767
999	0.979478061
